0.4100 84.6700
63.3400 65.0000
91.6900 57.2400
14.7800 93.5800
69.6200 44.6400
57.0500 81.4500
32.8100 68.2700
99.6100 4.9100
29.9500 19.4200
48.2700 54.3600
23.9100 46.0400
39.0200 1.5300
2.9200 23.8200
74.2100 87.1600
97.1800 98.9500
54.4700 17.2600
47.7100 15.3800
18.6900 99.1200
56.6700 62.9900
70.3500 98.9400
87.0300 38.1100
13.2200 3.3300
76.7300 46.6400
51.4100 77.1100
82.5300 68.6800
15.4700 6.4400
26.6200 27.5700
20.3700 8.5900
27.2300 7.4100
5.2900 7.7800
3.1600 0.3500
11.9000 18.4200
2.8800 1.0600
0.4000 29.4200
12.6400 16.4800
4.4600 28.0500
8.9000 7.2900
3.7000 3.5000
0.0600 11.0100
3.9300 5.4800
16.2900 6.2300
0.8400 19.5400
7.5600 28.4000
19.6600 13.7600
19.3100 23.0800
19.4400 24.3900
6.2600 23.2300
25.3700 5.3800
11.1800 20.8200
19.2900 15.4100
68.3300 81.1500
66.3900 96.5800
67.0400 79.3000
69.7700 93.0600
66.7300 83.8600
70.2100 87.4500
79.2400 80.7200
52.7000 98.2900
77.7700 75.7300
70.9700 85.1200
79.8600 82.9000
51.6100 76.3600
63.5500 77.6700
76.5500 75.7400
60.3100 70.5200
53.5000 81.5000
69.4100 77.2400
69.6600 74.3000
61.0700 71.9100
50.0700 93.3700
54.5700 72.8700
57.5300 83.8300
79.4500 99.0900
72.0900 77.5800
52.2100 75.8800
4.2200 89.4600
5.0600 80.3000
14.1300 81.6800
9.0000 85.9100
7.6200 86.5500
24.1000 83.5900
6.2400 85.3700
5.4800 84.8300
5.9500 80.4100
6.0200 83.5000
12.9100 88.3600
3.7400 80.2000
15.9600 80.2100
3.4800 81.9900
16.6800 84.8400
22.8100 87.3400
0.5300 89.9900
24.1800 89.3800
9.0000 87.8800
1.2700 84.6700
7.2800 88.9300
6.4800 84.8300
28.0700 84.2100
23.1000 86.1700
18.1300 85.1400
