5000 2997 1288
5001 5000 1211
5002 5001 3981
5003 5002 3015
5004 5003 75
5005 5004 180
5006 3796 1569
5007 5006 61
5008 5007 4968
5009 3823 640
5010 4686 2203
5011 3198 2173
5012 1904 1573
5013 5012 1441
5014 5013 4500
5015 5014 2580
5016 5011 2330
5017 5009 2354
5018 5017 2522
5019 5018 3805
5020 5005 3086
5021 4147 2918
5022 3653 2967
5023 5022 3394
5024 5023 4884
5025 5024 3868
5026 5025 841
5027 5019 1412
5028 5015 1309
5029 5016 872
5030 5029 2078
5031 5030 4753
5032 5031 945
5033 3189 1094
5034 5032 597
5035 3724 1811
5036 5035 5020
5037 5033 3849
5038 5037 5036
5039 5038 5028
5040 5034 1532
5041 3234 3225
5042 4082 3782
5043 5039 4659
5044 4730 1398
5045 5043 2901
5046 4424 3118
5047 5040 990
5048 5045 4259
5049 5048 4900
5050 5049 3698
5051 4046 3586
5052 5041 3867
5053 4606 987
5054 5010 1774
5055 5054 1745
5056 5055 3347
5057 3493 144
5058 4822 2435
5059 5058 453
5060 5059 5026
5061 4480 2603
5062 5047 2396
5063 5027 148
5064 2027 1200
5065 5052 2662
5066 5021 290
5067 5008 3359
5068 4794 2403
5069 5066 5044
5070 1018 62
5071 5070 5067
5072 1260 1002
5073 5072 2840
5074 5073 749
5075 5074 3060
5076 5075 3852
5077 3403 1605
5078 3842 131
5079 3738 2685
5080 5079 1924
5081 5080 862
5082 2404 1666
5083 5062 1108
5084 3734 1974
5085 5084 3097
5086 5085 4786
5087 5086 5065
5088 5087 1977
5089 5088 1012
5090 5089 1051
5091 4350 3498
5092 5091 4591
5093 4490 356
5094 5093 4956
5095 5094 5050
5096 5056 1485
5097 5096 4475
5098 5097 5078
5099 5098 1046
5100 5099 3759
5101 5100 3674
5102 5101 4207
5103 5102 2724
5104 5103 203
5105 5104 3264
5106 5105 329
5107 5106 4172
5108 5107 948
5109 5108 3314
5110 5095 4258
5111 5083 464
5112 5111 3948
5113 5112 825
5114 5109 2960
5115 5076 3955
5116 2841 1337
5117 5051 452
5118 5117 4521
5119 5118 2709
5120 3962 3545
5121 3999 2441
5122 4230 928
5123 5115 393
5124 5053 1616
5125 5123 694
5126 5060 2912
5127 5113 4749
5128 5127 2391
5129 5114 3391
5130 5082 1338
5131 5130 1704
5132 5131 4623
5133 5132 561
5134 3277 1476
5135 4329 2304
5136 3941 3773
5137 5136 2606
5138 5137 357
5139 5138 2902
5140 5139 2770
5141 5077 109
5142 5141 992
5143 5142 4544
5144 5057 2335
5145 5124 4449
5146 3931 3497
5147 5146 4052
5148 5063 3138
5149 5110 613
5150 5119 2458
5151 5149 1936
5152 5151 3807
5153 5042 3199
5154 5153 1983
5155 5154 1676
5156 5155 4488
5157 5156 2382
5158 5157 2891
5159 5069 3844
5160 5159 4094
5161 5160 1594
5162 5148 1621
5163 5121 3638
5164 5163 5128
5165 5164 3625
5166 5165 3186
5167 5166 2254
5168 5125 415
5169 5145 4314
5170 3525 1378
5171 5161 5135
5172 5167 4601
5173 5140 4740
5174 5081 1620
5175 5169 1153
5176 2371 1282
5177 5176 2986
5178 5172 2477
5179 5178 2635
5180 4341 1482
5181 5180 5173
5182 5071 1782
5183 5129 5120
5184 5122 436
5185 5175 4895
5186 5185 3708
5187 5186 182
5188 5187 2692
5189 5188 2160
5190 5189 2648
5191 5190 3121
5192 5191 1280
5193 5192 1809
5194 5193 2884
5195 5194 5133
5196 5195 3516
5197 5182 2265
5198 5177 4820
5199 5196 2843
5200 5147 4899
5201 5144 1336
5202 5201 2443
5203 5202 5181
5204 5183 2526
5205 5090 1349
5206 5184 428
5207 5206 5179
5208 5205 4919
5209 5204 4849
5210 5203 1233
5211 5210 4209
5212 5211 2870
5213 5212 3278
5214 5213 36
5215 5214 3452
5216 5215 813
5217 5216 3398
5218 5217 2324
5219 5218 646
5220 5219 603
5221 5220 4388
5222 5221 636
5223 5222 1843
5224 5223 2643
5225 5224 49
5226 5225 222
5227 5226 1218
5228 5209 3963
5229 5227 4802
5230 5229 995
5231 5230 4682
5232 3848 1074
5233 3293 2826
5234 5233 4427
5235 5234 5064
5236 5235 949
5237 5236 4450
5238 5237 3522
5239 5238 4845
5240 5239 1013
5241 5240 835
5242 5241 257
5243 5242 2779
5244 5243 5228
5245 5244 4738
5246 5245 27
5247 5246 4954
5248 5247 852
5249 5207 3029
5250 5092 3829
5251 5249 4634
5252 5231 2113
5253 5252 2035
5254 5253 3423
5255 5251 3260
5256 5171 4819
5257 3377 2899
5258 5254 2505
5259 5208 2410
5260 5200 239
5261 5260 4219
5262 5261 1486
5263 5262 4047
5264 5263 3597
5265 5250 1785
5266 5264 1103
5267 5197 1535
5268 5267 4888
5269 5268 40
5270 5269 4092
5271 5270 4711
5272 5126 450
5273 5256 3690
5274 5265 4594
5275 5158 1243
5276 5271 2781
5277 3501 2468
5278 5258 2527
5279 5278 2052
5280 5248 4816
5281 5134 2567
5282 5257 2259
5283 3801 2933
5284 5276 1945
5285 5199 449
5286 5275 20
5287 5286 3058
5288 5287 3287
5289 5288 281
5290 5289 1431
5291 5290 1515
5292 5291 3777
5293 5292 3918
5294 5293 310
5295 5294 3679
5296 5295 2611
5297 5266 3047
5298 5297 2885
5299 5298 151
5300 5299 2877
5301 5152 812
5302 5285 2069
5303 4074 1478
5304 5279 1084
5305 1816 1403
5306 5305 1168
5307 5259 4950
5308 5174 1452
5309 5296 1380
5310 5304 2767
5311 5307 575
5312 4334 1285
5313 5312 1319
5314 5313 2566
5315 5314 4817
5316 5315 188
5317 5316 2496
5318 5317 1896
5319 5318 1939
5320 5319 2183
5321 5320 3933
5322 5321 1855
5323 5310 2565
5324 5323 2454
5325 5280 104
5326 5325 1192
5327 5326 2696
5328 5274 855
5329 5328 3943
5330 5329 4423
5331 5330 3328
5332 5331 4288
5333 5332 714
5334 5273 297
5335 5334 1073
5336 5335 3937
5337 5336 3762
5338 5337 8
5339 5338 4689
5340 5339 2739
5341 5340 633
5342 5341 1325
5343 5342 3950
5344 5343 4762
5345 5344 2942
5346 5345 1726
5347 5346 1250
5348 5347 2273
5349 5348 1982
5350 5349 3481
5351 5350 737
5352 5351 1165
5353 5352 4567
5354 5353 4787
5355 5354 4008
5356 5355 1421
5357 5356 4186
5358 5357 3723
5359 5282 336
5360 5359 4896
5361 5360 558
5362 5361 4719
5363 5362 3817
5364 5363 2322
5365 5324 1814
5366 5364 3577
5367 5322 2323
5368 5358 4647
5369 5368 1182
5370 5302 4768
5371 5369 1752
5372 5371 4088
5373 5301 2744
5374 5309 127
5375 977 530
5376 5375 5327
5377 5372 1500
5378 5377 316
5379 5255 260
5380 5373 3195
5381 5284 4715
5382 5365 2400
5383 5376 914
5384 5379 2258
5385 5378 3325
5386 5384 3321
5387 5333 4842
5388 5382 4472
5389 5198 942
5390 5386 771
5391 5385 286
5392 5391 989
5393 5272 1126
5394 2871 1368
5395 5392 373
5396 5388 1838
5397 5380 3600
5398 5168 2928
5399 5366 1887
5400 5395 776
5401 5311 4035
5402 5397 2597
5403 5396 3180
5404 5381 4759
5405 5404 2326
5406 5405 1055
5407 4951 4557
5408 5406 2848
5409 5300 520
5410 5402 2731
5411 5383 1062
5412 5411 2121
5413 4707 74
5414 5413 4665
5415 5414 5390
5416 4676 4550
5417 5400 4228
5418 5417 804
5419 5403 1031
5420 5419 4796
5421 5420 2153
5422 5421 2759
5423 5422 3184
5424 5423 2989
5425 5394 1508
5426 5418 1526
5427 3462 756
5428 5427 3977
5429 5428 3594
5430 5429 1286
5431 5430 4365
5432 5431 4664
5433 5432 2876
5434 5433 3257
5435 5434 4942
5436 5435 168
5437 5436 5
5438 5437 3467
5439 5438 684
5440 5439 4371
5441 5440 5232
5442 5441 4454
5443 5442 3555
5444 5443 3354
5445 5444 1527
5446 5445 3601
5447 5424 1996
5448 5426 3235
5449 3454 3411
5450 5449 5399
5451 5450 550
5452 5451 391
5453 4184 3482
5454 5453 2746
5455 5454 4724
5456 5455 4947
5457 5456 350
5458 5457 4351
5459 5458 3221
5460 5459 2316
5461 5460 4474
5462 5461 605
5463 5462 1036
5464 5463 4275
5465 5464 2459
5466 5465 4374
5467 5466 2284
5468 5467 1672
5469 5468 4122
5470 5469 941
5471 5470 2361
5472 5471 4393
5473 5472 2863
5474 5473 3476
5475 5474 4456
5476 5475 4745
5477 5476 3075
5478 5477 3603
5479 5478 3956
5480 5479 70
5481 5480 2657
5482 5481 4310
5483 5482 152
5484 5483 3737
5485 5484 4338
5486 5485 163
5487 5486 2610
5488 5487 4326
5489 5488 2498
5490 5415 4016
5491 5408 518
5492 5407 642
5493 5410 112
5494 5150 1758
5495 5494 3106
5496 5389 2398
5497 5496 1132
5498 5492 908
5499 5498 2738
5500 5490 386
5501 5398 308
5502 5448 1148
5503 5367 2837
5504 5503 37
5505 5504 236
5506 5505 2328
5507 5489 4805
5508 5506 4631
5509 5401 2596
5510 5374 1705
5511 5412 4926
5512 5507 708
5513 5491 4084
5514 5502 3860
5515 5514 2370
5516 5447 1891
5517 5511 2392
5518 5509 1756
5519 5512 2291
5520 5516 1639
5521 5497 4718
5522 5501 2776
5523 5518 1359
5524 5370 4495
5525 5387 4153
5526 5520 1214
5527 5526 196
5528 5527 2302
5529 5500 4024
5530 5524 1053
5531 5528 4885
5532 5523 1146
5533 5508 2085
5534 5517 50
5535 5446 2861
5536 4419 209
5537 5536 3717
5538 5537 1615
5539 5538 4452
5540 5539 1115
5541 5540 2616
5542 5541 4648
5543 5542 628
5544 5543 4125
5545 5544 2405
5546 5545 3925
5547 5546 775
5548 5519 3085
5549 5547 4770
5550 3355 866
5551 5550 135
5552 5551 5531
5553 5552 820
5554 5553 4984
5555 5554 55
5556 5513 4071
5557 3005 1571
5558 5409 265
5559 5558 627
5560 5559 4226
5561 5560 4807
5562 3453 2970
5563 5562 1762
5564 5563 5549
5565 5452 4380
5566 4144 4066
5567 5566 5416
5568 5525 2211
5569 5530 2650
5570 3670 838
5571 5570 3855
5572 5571 2796
5573 5572 4373
5574 5573 3281
5575 5574 3569
5576 5575 4621
5577 5576 2016
5578 5577 507
5579 5578 2714
5580 5579 1291
5581 5580 4809
5582 5581 4977
5583 5582 2227
5584 5583 2622
5585 5529 2755
5586 5555 4428
5587 5586 2636
5588 5587 1777
5589 3949 461
5590 5534 2002
5591 5515 4057
5592 5589 2983
5593 3789 226
5594 5556 1926
5595 5495 3395
5596 5590 4357
5597 5569 2034
5598 1033 742
5599 5510 2669
5600 4032 414
5601 5600 442
5602 5601 5143
5603 5602 991
5604 5533 136
5605 5594 4757
5606 5393 2356
5607 5606 1171
5608 5565 2373
5609 5522 1629
5610 5609 1162
5611 5610 1290
5612 5611 2379
5613 5493 2668
5614 5596 2806
5615 5599 3012
5616 5597 1888
5617 5591 4037
5618 5548 2607
5619 4915 3596
5620 5619 2546
5621 5620 2708
5622 5621 2965
5623 5622 19
5624 5623 5618
5625 5624 5604
5626 5625 2747
5627 5626 782
5628 5614 3389
5629 4692 3353
5630 5629 3583
5631 5588 2778
5632 5615 1340
5633 5630 3691
5634 5633 4018
5635 5634 2749
5636 5635 772
5637 5636 4011
5638 5637 1314
5639 5638 557
5640 5639 4486
5641 5640 4677
5642 5641 2605
5643 5642 2914
5644 5643 2935
5645 5644 503
5646 5645 3256
5647 3776 134
5648 5584 858
5649 5568 3938
5650 2856 1277
5651 5650 5281
5652 5651 4798
5653 5652 936
5654 5653 5564
5655 5654 4244
5656 5655 592
5657 5656 3305
5658 5631 361
5659 5585 4118
5660 5649 2205
5661 5608 1770
5662 3491 2633
5663 5662 5658
5664 5632 4404
5665 5605 3405
5666 5617 405
5667 5664 3808
5668 5659 939
5669 5668 4766
5670 5669 470
5671 5663 2122
5672 5646 5613
5673 4133 725
5674 5661 3396
5675 5628 4155
5676 5657 1692
5677 5676 5660
5678 5677 2214
5679 5678 1675
5680 5679 4897
5681 5680 4744
5682 5674 3993
5683 5666 2794
5684 5671 1617
5685 5682 1833
5686 5670 3361
5687 5667 3032
5688 5675 1768
5689 3069 2653
5690 5684 3696
5691 5627 3079
5692 5690 4234
5693 5616 3605
5694 5603 4679
5695 5692 2272
5696 5695 4859
5697 5561 4151
5698 5162 86
5699 5698 2013
5700 5699 922
5701 5665 98
5702 5686 2634
5703 2867 1263
5704 5703 5687
5705 4851 3412
5706 5705 1795
5707 5706 5688
5708 5701 2947
5709 5696 3673
5710 5683 4652
5711 5647 2109
5712 5711 5681
5713 5532 444
5714 5708 4420
5715 5691 4355
5716 5713 2204
5717 3902 2116
5718 5648 5595
5719 5685 4810
5720 5719 2124
5721 5720 3834
5722 5721 2098
5723 5722 955
5724 5723 1136
5725 5724 4432
5726 5702 28
5727 5726 3989
5728 5709 2434
5729 4586 3756
5730 5716 5673
5731 3102 440
5732 5731 3841
5733 5732 2117
5734 5733 3527
5735 5734 22
5736 5735 3872
5737 5736 3030
5738 5737 4110
5739 5738 1518
5740 5739 2420
5741 5740 1728
5742 5741 4612
5743 5725 4940
5744 5727 2001
5745 5693 1327
5746 5672 584
5747 4667 4562
5748 5714 883
5749 5748 3271
5750 3682 1989
5751 5750 5728
5752 5742 932
5753 5752 4639
5754 5283 2389
5755 5754 4440
5756 5755 3468
5757 5756 5697
5758 5757 4729
5759 5758 519
5760 5759 1489
5761 3710 3661
5762 5751 2470
5763 5717 3764
5764 5763 1312
5765 5764 5745
5766 5762 848
5767 5712 1159
5768 5710 81
5769 5607 1239
5770 3598 3429
5771 5770 797
5772 5771 5765
5773 5612 4323
5774 5707 721
5775 5766 4971
5776 5768 312
5777 5767 4443
5778 1572 1385
5779 5744 4799
5780 5775 1037
5781 5772 166
5782 5306 1197
5783 5780 818
5784 5783 1372
5785 3087 2372
5786 5784 4860
5787 5777 2042
5788 5718 3368
5789 5774 3401
5790 5715 2380
5791 5789 3393
5792 5787 3378
5793 5499 3065
5794 5786 511
5795 5792 799
5796 5793 3920
5797 5781 149
5798 3768 58
5799 5798 4376
5800 5116 3553
5801 5800 979
5802 5801 1024
5803 5802 115
5804 4529 2550
5805 2626 118
5806 5805 1659
5807 5794 2712
5808 5807 2520
5809 5797 305
5810 5809 4722
5811 5810 1943
5812 1284 6
5813 5812 5779
5814 5704 5598
5815 5791 4912
5816 3585 2982
5817 5799 469
5818 5817 4252
5819 5818 3473
5820 5795 4967
5821 5743 1933
5822 5808 1072
5823 5822 2529
5824 5823 3935
5825 5819 3239
5826 5825 1458
5827 5826 2236
5828 5827 1047
5829 5828 2878
5830 5829 3474
5831 5830 1864
5832 5831 3713
5833 5832 1426
5834 5833 3873
5835 5834 3509
5836 5535 1301
5837 5760 2421
5838 5776 206
5839 5700 601
5840 5811 773
5841 5840 4245
5842 5841 1492
5843 5842 2294
5844 5824 4763
5845 5844 4021
5846 5845 193
5847 5815 970
5848 5814 615
5849 5821 3559
5850 5820 3492
5851 5843 342
5852 5851 1613
5853 5852 1531
5854 5853 732
5855 5854 159
5856 5855 3119
5857 5850 3754
5858 5857 4680
5859 5858 4559
5860 5837 801
5861 5835 4340
5862 5861 800
5863 5862 723
5864 5863 4447
5865 5864 3245
5866 5859 3975
5867 5856 2445
5868 5846 1310
5869 5867 9
5870 3798 2552
5871 5868 1831
5872 5871 663
5873 5872 4713
5874 5860 4406
5875 5848 1867
5876 5746 3540
5877 5769 5694
5878 5877 884
5879 5878 4041
5880 5873 745
5881 5866 565
5882 5425 2233
5883 5303 2309
5884 5880 5557
5885 5849 1999
5886 5884 1701
5887 5886 3242
5888 5887 237
5889 5888 1376
5890 5730 580
5891 5889 2189
5892 5891 429
5893 5790 3541
5894 5893 3135
5895 4043 1580
5896 2447 888
5897 5896 5521
5898 5729 4981
5899 5898 1871
5900 4646 3215
5901 5900 4312
5902 5901 1991
5903 5902 4242
5904 5903 1820
5905 5904 2184
5906 5905 3390
5907 5906 5046
5908 5907 2772
5909 5836 4935
5910 5892 3657
5911 5869 1329
5912 5897 4377
5913 5912 3250
5914 5913 1677
5915 5911 1635
5916 5747 1040
5917 5749 901
5918 5879 165
5919 5915 3309
5920 4142 2419
5921 5920 2192
5922 5921 3284
5923 5922 4806
5924 5923 4514
5925 5924 5865
5926 5925 5894
5927 5926 5895
5928 5927 1950
5929 5928 4159
5930 5813 1460
5931 5881 1042
5932 5838 3179
5933 5919 793
5934 5933 3946
5935 5934 626
5936 5910 3020
5937 5936 3886
5938 5847 410
5939 5753 475
5940 5939 2981
5941 5940 3465
5942 5935 2325
5943 5938 4372
5944 5932 2455
5945 5909 3816
5946 5874 2363
5947 5788 2847
5948 5914 1252
5949 5937 1086
5950 5945 3456
5951 5918 3191
5952 5951 3149
5953 5952 91
5954 5948 3760
5955 5931 4385
5956 5941 791
5957 4369 3838
5958 5955 1447
5959 5875 2315
5960 5885 1724
5961 5959 130
5962 5961 3926
5963 5962 2860
5964 3643 343
5965 5964 5946
5966 5965 3573
5967 5966 5883
5968 5967 3985
5969 5968 3059
5970 5969 2637
5971 5970 0
5972 5971 4072
5973 5958 1068
5974 5929 1810
5975 5949 43
5976 4989 2310
5977 5972 2337
5978 5973 4154
5979 5950 4966
5980 5890 3840
5981 5980 4223
5982 5942 1575
5983 5977 673
5984 5979 832
5985 4463 3425
5986 4874 25
5987 5986 983
5988 5987 712
5989 5988 4660
5990 5989 5806
5991 5963 4421
5992 5068 2232
5993 5978 2473
5994 5993 123
5995 5994 4923
5996 5995 3548
5997 5996 5990
5998 5997 3869
5999 5998 4844
6000 5999 52
6001 6000 1388
6002 6001 3298
6003 6002 4102
6004 6003 2099
6005 6004 2207
6006 6005 1625
6007 6006 2191
6008 6007 3223
6009 6008 4901
6010 6009 2638
6011 6010 3998
6012 6011 602
6013 6012 2581
6014 4651 702
6015 5982 1559
6016 5975 4653
6017 6013 4617
6018 5930 4637
6019 3323 2384
6020 6016 2765
6021 5917 2141
6022 5981 1098
6023 6022 4515
6024 6017 1220
6025 6024 6020
6026 6025 3229
6027 6026 270
6028 6027 4930
6029 6028 2619
6030 6029 2553
6031 6030 2050
6032 6031 692
6033 6032 1477
6034 6033 3261
6035 6034 2667
6036 5960 4507
6037 6035 2533
6038 6015 4257
6039 4575 1402
6040 6039 4248
6041 6040 4482
6042 6041 3346
6043 6042 3966
6044 5944 4843
6045 6038 4929
6046 1840 524
6047 6045 2146
6048 5954 1208
6049 6048 2162
6050 6049 92
6051 6050 596
6052 4053 1089
6053 6036 4272
6054 6047 3312
6055 5876 7
6056 5984 2807
6057 6037 4976
6058 6046 6014
6059 2660 352
6060 5899 3757
6061 3004 1670
6062 6061 1610
6063 6062 1164
6064 6063 2319
6065 6064 3426
6066 6065 2287
6067 6066 4537
6068 6067 1681
6069 6068 4007
6070 6069 4785
6071 6070 3689
6072 6071 1209
6073 6072 2407
6074 6073 1718
6075 5796 815
6076 6057 1848
6077 6051 3283
6078 5953 2551
6079 3445 1003
6080 2544 1545
6081 5991 2944
6082 6056 4701
6083 5974 4434
6084 6074 2174
6085 6018 1228
6086 5061 2014
6087 5773 4588
6088 5277 1105
6089 6088 1219
6090 6089 1703
6091 6090 6076
6092 6054 2900
6093 4232 3169
6094 4435 802
6095 6094 6083
6096 5943 5785
6097 6086 2064
6098 6097 5839
6099 4640 2642
6100 6099 3409
6101 6092 3330
6102 6081 2858
6103 3837 394
6104 6103 4354
6105 6021 589
6106 6102 527
6107 4854 896
6108 6105 635
6109 6108 1472
6110 5956 2617
6111 1679 593
6112 6111 5804
6113 6112 137
6114 6113 4036
6115 6114 2844
6116 6115 6095
6117 6116 863
6118 6117 3310
6119 6109 4152
6120 6101 3252
6121 6091 1757
6122 6121 2368
6123 4750 15
6124 4936 1979
6125 6119 2975
6126 6078 4015
6127 6122 2352
6128 6127 2163
6129 6053 4367
6130 6128 4246
6131 6126 746
6132 6087 4522
6133 6023 1247
6134 6129 1169
6135 6077 4119
6136 6135 4908
6137 6106 1521
6138 6118 4655
6139 6137 2161
6140 6138 851
6141 6084 4040
6142 5778 1234
6143 6142 4169
6144 6143 1032
6145 6144 1069
6146 6145 437
6147 6146 760
6148 6147 3243
6149 6148 6130
6150 6149 2436
6151 6150 383
6152 6120 3460
6153 6124 6085
6154 6152 906
6155 5947 3864
6156 6151 3558
6157 6156 4158
6158 4641 2568
6159 6157 3083
6160 6125 4751
6161 6044 303
6162 6134 2
6163 6162 6059
6164 6055 3944
6165 2710 1624
6166 6165 6160
6167 6139 1035
6168 6153 6104
6169 6154 2537
6170 6133 30
6171 6170 4542
6172 6167 1308
6173 6169 245
6174 6173 2138
6175 6159 3818
6176 4203 2832
6177 6176 4407
6178 6177 2427
6179 6178 6098
6180 3483 1522
6181 6180 6175
6182 6163 3484
6183 1693 140
6184 6043 3329
6185 6184 2833
6186 6185 3707
6187 6186 3536
6188 6181 4356
6189 6179 974
6190 6189 2248
6191 5983 3351
6192 6190 2381
6193 6174 3488
6194 6188 4922
6195 3249 3161
6196 6195 2575
6197 6196 3535
6198 6197 2216
6199 6198 6192
6200 6140 3341
6201 6096 4752
6202 6193 1407
6203 6136 2202
6204 4997 254
6205 6204 4871
6206 6205 1537
6207 6194 294
6208 6200 77
6209 6207 1203
6210 6201 3804
6211 6172 263
6212 2308 1490
6213 5908 4934
6214 6209 1464
6215 4111 1509
6216 6210 2303
6217 6216 3755
6218 6217 1400
6219 6166 3162
6220 6219 1684
6221 6220 271
6222 3331 2181
6223 6222 2516
6224 6223 6218
6225 4670 4237
6226 6225 1844
6227 6226 3098
6228 6227 4789
6229 6211 4932
6230 6202 4570
6231 4568 3094
6232 6110 4666
6233 6171 1029
6234 6208 5957
6235 6230 2954
6236 6060 4020
6237 6236 4795
6238 6237 161
6239 6238 1738
6240 6239 778
6241 6240 1671
6242 6241 3208
6243 6242 416
6244 6243 6214
6245 6244 2093
6246 5916 4531
6247 6246 6233
6248 6247 3217
6249 6235 339
6250 6248 2805
6251 6161 6082
6252 6229 3495
6253 6221 277
6254 3562 3080
6255 6254 1321
6256 6191 2682
6257 6132 3758
6258 6234 879
6259 6253 2327
6260 4001 2589
6261 6257 1955
6262 6249 31
6263 6259 2466
6264 6263 1663
6265 6264 3371
6266 6265 6131
6267 6266 456
6268 6267 1390
6269 6268 1394
6270 6269 2541
6271 6270 3386
6272 6271 3414
6273 6272 3253
6274 6273 2777
6275 6274 4720
6276 6275 2275
6277 6276 2904
6278 6277 3767
6279 6278 4349
6280 6279 3830
6281 6258 566
6282 5803 4444
6283 6282 6164
6284 3126 2795
6285 6284 517
6286 1363 1137
6287 6286 4185
6288 6287 4886
6289 6288 6281
6290 6289 3694
6291 6290 3866
6292 6245 1877
6293 6168 4613
6294 4574 1552
6295 6291 4368
6296 6283 4426
6297 6292 3749
6298 4614 272
6299 6298 395
6300 6299 4313
6301 6300 6293
6302 6297 3508
6303 2478 2024
6304 6182 3831
6305 6295 614
6306 6255 2056
6307 6306 4148
6308 6307 2343
6309 6308 2345
6310 6309 6206
6311 6310 1960
6312 3227 458
6313 3518 2090
6314 6313 443
6315 6314 1415
6316 6315 892
6317 6316 6305
6318 6317 2428
6319 6318 5593
6320 6304 2270
6321 6285 1997
6322 6321 4150
6323 6322 4014
6324 6256 616
6325 6324 2830
6326 6325 4250
6327 6302 1688
6328 6301 6079
6329 6252 46
6330 6327 1619
6331 6141 789
6332 6155 56
6333 6296 6280
6334 6333 959
6335 6334 1271
6336 6328 1737
6337 6262 1964
6338 6326 1505
6339 4855 3677
6340 6339 1578
6341 6261 4330
6342 6331 2268
6343 6342 1131
6344 6338 3190
6345 6330 4054
6346 2934 2171
6347 6346 1109
6348 6347 2484
6349 6348 6319
6350 6349 4973
6351 6350 3178
6352 6351 3023
6353 6352 3308
6354 6353 842
6355 6329 12
6356 6199 1733
6357 4959 3022
6358 6357 1283
6359 6358 10
6360 6359 1145
6361 6360 3995
6362 6361 2249
6363 6250 101
6364 6363 3528
6365 6364 2463
6366 6365 1564
6367 6366 2629
6368 5170 3113
6369 6224 95
6370 3947 3206
6371 6370 6345
6372 6232 3016
6373 4683 3324
6374 6203 3332
6375 6371 1123
6376 6344 1905
6377 6341 34
6378 6377 2172
6379 3997 1374
6380 6379 1570
6381 6380 4510
6382 6381 4097
6383 6382 6343
6384 6383 3779
6385 6384 4517
6386 6385 1826
6387 3612 2849
6388 6367 4910
6389 6376 4324
6390 6187 301
6391 6320 4208
6392 6369 164
6393 5567 2274
6394 6393 3828
6395 6394 1296
6396 6395 1000
6397 6396 6213
6398 6075 4990
6399 6375 1634
6400 6337 2689
6401 6400 1804
6402 6392 2640
6403 6399 630
6404 6403 2234
6405 6398 2992
6406 6405 341
6407 6406 1027
6408 6407 6340
6409 6408 4276
6410 6409 722
6411 6410 6389
6412 6411 1662
6413 6412 3295
6414 6413 402
6415 6414 3133
6416 6415 2125
6417 6354 2054
6418 4801 3374
6419 6418 6378
6420 6332 2523
6421 6404 3031
6422 6421 2026
6423 6422 2312
6424 6336 3745
6425 6401 3487
6426 3730 1806
6427 6423 1272
6428 6425 80
6429 6428 411
6430 6372 1081
6431 6355 2006
6432 6427 960
6433 6432 4508
6434 6433 6386
6435 6434 3660
6436 6435 224
6437 6436 1449
6438 6437 669
6439 6417 4320
6440 6439 1119
6441 6440 2359
6442 6424 3067
6443 6431 2168
6444 6397 5882
6445 6388 4584
6446 4581 1503
6447 6446 6438
6448 6058 3383
6449 6442 748
6450 6443 3384
6451 6416 4164
6452 2803 2632
6453 6452 3143
6454 6429 3244
6455 6402 3365
6456 6454 4068
6457 6420 3748
6458 6449 3914
6459 6311 4060
6460 4442 72
6461 6447 6312
6462 6461 1320
6463 6462 6390
6464 6430 2166
6465 6441 97
6466 6445 3859
6467 6466 300
6468 6448 6158
6469 6467 1097
6470 6374 4869
6471 6455 1842
6472 4199 3053
6473 6356 6335
6474 6450 4690
6475 5870 1607
6476 6475 201
6477 6476 438
6478 6477 4146
6479 6478 1894
6480 6479 446
6481 6480 761
6482 6481 4534
6483 6482 3114
6484 6483 4525
6485 6484 2102
6486 6485 1017
6487 6486 1410
6488 6487 3027
6489 6488 904
6490 6489 1695
6491 6490 4774
6492 6491 1129
6493 6492 6460
6494 6493 210
6495 6494 218
6496 6495 964
6497 6496 6323
6498 6497 1397
6499 6498 1331
6500 6499 3142
6501 6500 4253
6502 6501 3001
6503 6502 4847
6504 6503 3621
6505 6465 1381
6506 6505 1443
6507 6463 4622
6508 2448 533
6509 6508 2491
6510 6509 920
6511 6510 2257
6512 6511 2908
6513 6512 4880
6514 6513 2592
6515 6458 216
6516 6469 230
6517 6516 4134
6518 2784 1281
6519 6506 441
6520 6470 3192
6521 6514 2507
6522 4978 1584
6523 6522 3686
6524 6523 1484
6525 6524 485
6526 6525 1224
6527 6526 6517
6528 6527 4249
6529 6080 2646
6530 6471 2562
6531 6457 591
6532 6451 3100
6533 6507 24
6534 6504 3599
6535 6533 276
6536 6530 408
6537 6536 3251
6538 6528 2018
6539 6473 122
6540 6519 6251
6541 6540 4430
6542 6541 4156
6543 6542 1213
6544 6535 2824
6545 6474 4582
6546 6545 1951
6547 5816 3836
6548 4363 2231
6549 6534 3003
6550 6456 4386
6551 6544 179
6552 6551 3381
6553 6552 1609
6554 6553 447
6555 6554 1303
6556 6555 3720
6557 6556 4299
6558 6362 2457
6559 6419 1583
6560 6559 4892
6561 6532 2347
6562 6561 763
6563 6537 1167
6564 6557 87
6565 1262 665
6566 6565 4218
6567 6566 4222
6568 6567 1586
6569 6568 3210
6570 6569 2402
6571 6570 6515
6572 6571 2003
6573 6572 2320
6574 6573 1056
6575 6550 4006
6576 6575 138
6577 6564 2828
6578 6577 2465
6579 6391 2926
6580 6579 3387
6581 6580 4533
6582 6549 220
6583 6576 3668
6584 6581 1706
6585 6584 4260
6586 6578 4132
6587 5985 430
6588 6586 4460
6589 221 197
6590 6589 6574
6591 6562 4949
6592 6591 1369
6593 6520 2439
6594 6582 3589
6595 6588 4089
6596 6595 3431
6597 6560 334
6598 6597 6215
6599 6592 3316
6600 6585 4129
6601 6598 207
6602 6593 997
6603 6583 726
6604 6603 2574
6605 6596 1632
6606 6602 4398
6607 6604 3205
6608 6521 1536
6609 6608 6444
6610 6609 909
6611 6610 913
6612 6611 3301
6613 6531 1995
6614 6605 2563
6615 4684 192
6616 4498 44
6617 6614 2760
6618 6546 6459
6619 6618 1261
6620 6619 1276
6621 6606 2543
6622 6621 3279
6623 6622 401
6624 6543 1246
6625 6624 1651
6626 6538 4611
6627 6607 367
6628 6590 4339
6629 6617 325
6630 6627 360
6631 6630 6594
6632 6631 3765
6633 6632 3624
6634 6633 1652
6635 6634 4093
6636 6635 1467
6637 6636 3655
6638 6637 3107
6639 6638 3276
6640 6601 3693
6641 6625 4262
6642 6464 1761
6643 6123 208
6644 6643 6628
6645 6629 1901
6646 6645 3311
6647 3910 2582
6648 6641 4700
6649 6646 133
6650 6539 3616
6651 6642 3218
6652 6613 370
6653 6652 346
6654 2169 505
6655 6654 1861
6656 6655 2790
6657 6656 4044
6658 6657 4590
6659 6658 2386
6660 6659 1113
6661 6660 4315
6662 6661 2411
6663 6649 1655
6664 6212 1880
6665 6599 2808
6666 6639 1822
6667 4048 3450
6668 6663 3319
6669 6650 2041
6670 6623 1794
6671 6600 1543
6672 6671 2761
6673 6672 926
6674 6673 6472
6675 6640 4263
6676 4405 1654
6677 6676 2464
6678 6677 6668
6679 6558 6052
6680 6665 966
6681 6644 2252
6682 6681 2699
6683 3091 943
6684 6678 956
6685 6684 2423
6686 6648 2225
6687 6686 284
6688 6685 1332
6689 6688 3990
6690 6651 4769
6691 6689 4543
6692 4025 1161
6693 6691 1054
6694 6682 1735
6695 6653 3575
6696 1929 1140
6697 6626 4192
6698 6670 6548
6699 6666 3703
6700 6620 2569
6701 6228 1922
6702 6675 650
6703 6680 3929
6704 6693 1753
6705 6687 4965
6706 6704 709
6707 6699 2358
6708 6706 326
6709 6708 490
6710 6709 3028
6711 6702 1805
6712 6695 2508
6713 6674 73
6714 4201 2076
6715 3593 2742
6716 6694 767
6717 6716 455
6718 6717 3833
6719 6718 3043
6720 6711 1215
6721 6710 532
6722 5992 4408
6723 6722 3959
6724 6705 4633
6725 6692 1095
6726 6725 4663
6727 6707 3136
6728 6713 3500
6729 6727 2814
6730 3105 2911
6731 3741 1302
6732 6731 1837
6733 6732 898
6734 6733 6719
6735 6734 4710
6736 6735 258
6737 6736 4345
6738 6703 3656
6739 6720 1023
6740 6739 4059
6741 6721 3960
6742 4301 2012
6743 6738 307
6744 3646 3292
6745 6743 4755
6746 6368 3906
6747 6690 620
6748 4361 3273
6749 6712 2684
6750 6745 4962
6751 1155 552
6752 6751 6741
6753 6746 1948
6754 6697 3791
6755 6728 3658
6756 6754 4425
6757 6749 4877
6758 6752 3127
6759 6756 1798
6760 6750 69
6761 6758 2060
6762 4331 2959
6763 6762 6563
6764 4294 3729
6765 6764 14
6766 6729 1355
6767 6724 3475
6768 6761 675
6769 6768 2579
6770 6766 4224
6771 4545 1710
6772 6771 2715
6773 6772 3822
6774 6773 6769
6775 6669 255
6776 6760 126
6777 6612 3248
6778 6698 1439
6779 6778 3774
6780 4995 3939
6781 2756 1172
6782 6781 313
6783 6782 6767
6784 6774 454
6785 6783 3158
6786 6785 1743
6787 6700 3746
6788 6775 3134
6789 4814 3322
6790 6784 1077
6791 6779 4552
6792 6777 2855
6793 6753 741
6794 6737 2261
6795 6468 2594
6796 6795 2588
6797 6796 3167
6798 6797 1965
6799 6798 3702
6800 6799 2360
6801 6800 4177
6802 6801 6787
6803 6802 3784
6804 6803 1217
6805 6804 4448
6806 6805 1696
6807 6183 3882
6808 6807 886
6809 6808 765
6810 6809 1919
6811 6810 1149
6812 6811 3705
6813 6812 1657
6814 6813 649
6815 6740 259
6816 6373 3968
6817 6816 6759
6818 6817 3701
6819 4284 2182
6820 6794 2831
6821 6755 1780
6822 6790 1602
6823 6701 6662
6824 6823 3898
6825 6824 1546
6826 6822 1966
6827 3988 3534
6828 6827 6786
6829 6587 4235
6830 6826 2931
6831 6815 2521
6832 6830 840
6833 3733 1104
6834 6832 3504
6835 3185 3172
6836 6835 2609
6837 6836 975
6838 6776 3861
6839 6828 1832
6840 6821 4841
6841 6834 2424
6842 6839 4337
6843 6107 3894
6844 6843 6820
6845 6841 4485
6846 6845 573
6847 6842 3013
6848 6846 1306
6849 6792 2476
6850 6849 1176
6851 6757 2969
6852 6851 2399
6853 6840 1076
6854 5761 3662
6855 6844 4821
6856 6855 3587
6857 4527 4441
6858 6857 6852
6859 6858 186
6860 6831 3531
6861 6748 4741
6862 6848 3299
6863 6856 3352
6864 6838 267
6865 6847 2074
6866 4996 1326
6867 4039 3786
6868 6862 2242
6869 6861 6853
6870 3035 2256
6871 6854 1530
6872 6871 2735
6873 6872 3464
6874 6873 700
6875 6874 2453
6876 6875 1603
6877 6876 3763
6878 6877 3721
6879 6878 3932
6880 6879 4506
6881 6880 4709
6882 6865 3970
6883 6882 2953
6884 6883 3669
6885 4599 4512
6886 6885 6864
6887 6763 4714
6888 6868 2101
6889 2937 2226
6890 6881 1295
6891 6863 1210
6892 6891 683
6893 6742 985
6894 6893 3040
6895 6894 3846
6896 6895 1627
6897 6896 1269
6898 6897 6884
6899 6819 2956
6900 6899 2817
6901 6837 1587
6902 6780 6547
6903 6902 2038
6904 6903 6886
6905 6818 3413
6906 6888 794
6907 4970 4197
6908 6907 6905
6909 4091 2542
6910 6906 2745
6911 6770 1568
6912 6898 3615
6913 4548 3740
6914 6791 1975
6915 6911 1096
6916 4139 1859
6917 6916 6914
6918 6910 2108
6919 6918 189
6920 6919 330
6921 6920 1139
6922 6921 1727
6923 6922 2299
6924 6923 2732
6925 6912 1417
6926 6924 2775
6927 6892 2092
6928 6927 3296
6929 6926 730
6930 6915 1751
6931 6925 965
6932 6931 2176
6933 6929 1266
6934 6908 2489
6935 6930 3936
6936 6932 1413
6937 6936 3502
6938 3904 2462
6939 6938 1729
6940 6928 1221
6941 6829 1601
6942 6941 6726
6943 6942 2223
6944 6943 3202
6945 6944 4098
6946 6945 4931
6947 6946 1711
6948 6904 2866
6949 6917 1649
6950 6933 171
6951 6723 2980
6952 6951 3892
6953 6940 1539
6954 6953 2045
6955 6950 1882
6956 6949 951
6957 6869 2743
6958 6955 4056
6959 6937 1493
6960 6859 1324
6961 6954 2950
6962 6958 3650
6963 3714 2690
6964 3945 3318
6965 6814 4662
6966 6959 1121
6967 6966 4704
6968 6793 212
6969 6968 4468
6970 6969 4791
6971 6970 3140
6972 3923 2185
6973 4748 3827
6974 6967 1181
6975 6887 4296
6976 6518 229
6977 6976 6788
6978 6977 4396
6979 6978 2651
6980 6426 3649
6981 6980 426
6982 6981 1866
6983 6982 298
6984 6983 6934
6985 6984 2224
6986 6806 2974
6987 6962 2350
6988 6935 1491
6989 3517 522
6990 6989 6900
6991 6990 2823
6992 6991 1396
6993 6992 1292
6994 5689 4458
6995 6960 3924
6996 3212 1577
6997 6975 1970
6998 6948 3056
6999 6995 3343
7000 3104 309
7001 7000 6294
7002 6987 934
7003 7002 3578
7004 6957 3715
7005 6961 2133
7006 7003 4220
7007 6825 4619
7008 7006 923
7009 7008 4939
7010 7009 4650
7011 4827 33
7012 7011 3889
7013 4381 2768
7014 7013 2750
7015 7014 6974
7016 7005 3406
7017 6901 3506
7018 4832 871
7019 7018 4872
7020 7019 1563
7021 7020 3078
7022 7021 6387
7023 7022 4412
7024 7023 3515
7025 7024 3845
7026 7025 7015
7027 6714 1470
7028 7010 4649
7029 7028 830
7030 7016 1916
7031 3635 1405
7032 6988 2298
7033 7029 2859
7034 7004 516
7035 6260 4239
7036 7035 6986
7037 7036 6993
7038 7026 400
7039 6998 2394
7040 7038 1014
7041 7033 4383
7042 3795 857
7043 7042 2139
7044 7043 1560
7045 7044 7030
7046 7017 810
7047 7046 1889
7048 7047 4571
7049 7048 2243
7050 7049 1558
7051 7050 3802
7052 7045 173
7053 7040 4479
7054 7039 4360
7055 1107 925
7056 7055 1582
7057 7056 6303
7058 7057 2501
7059 7058 399
7060 7059 4829
7061 6890 1118
7062 7041 4343
7063 7032 3728
7064 7051 2119
7065 7064 4081
7066 7065 1446
7067 7066 7052
7068 4608 693
7069 7068 7067
7070 7069 1298
7071 7062 483
7072 7053 275
7073 6965 4879
7074 2862 1528
7075 7074 4023
7076 7075 7063
7077 3380 3070
7078 7071 1715
7079 7078 4270
7080 6956 3711
7081 7079 4502
7082 7080 3952
7083 7081 2095
7084 7072 1638
7085 1623 1015
7086 7061 2346
7087 6994 2664
7088 7073 1903
7089 7088 7083
7090 7089 2910
7091 7090 3335
7092 7091 4418
7093 7076 3871
7094 7084 1364
7095 4157 1179
7096 2703 823
7097 7096 4295
7098 7094 3775
7099 6860 3439
7100 7099 1193
7101 6985 1529
7102 7101 3639
7103 3477 2961
7104 7103 3792
7105 7104 4493
7106 7105 4870
7107 7106 4913
7108 7107 7100
7109 7108 374
7110 4445 175
7111 7110 231
7112 7111 3156
7113 7037 2487
7114 7054 973
7115 7114 3890
7116 6952 787
7117 7115 2062
7118 6999 4410
7119 7092 2994
7120 6979 397
7121 7034 2344
7122 4255 2282
7123 6964 2987
7124 7123 7119
7125 7124 4848
7126 4553 3088
7127 3640 1897
7128 4227 3376
7129 7098 1868
7130 4866 1020
7131 7130 7125
7132 7082 827
7133 7070 1499
7134 4022 2481
7135 7131 479
7136 4691 2025
7137 4027 3021
7138 7001 3432
7139 7138 2620
7140 7139 6867
7141 7140 7097
7142 7141 3613
7143 7142 7113
7144 7143 1021
7145 7120 2126
7146 7135 1198
7147 7129 1406
7148 7144 2100
7149 7118 4604
7150 7149 988
7151 7150 2923
7152 7151 1721
7153 7152 3905
7154 7153 3008
7155 7093 4917
7156 4756 3103
7157 7133 4800
7158 7146 651
7159 7060 4205
7160 7155 3037
7161 7117 279
7162 7161 7157
7163 7162 690
7164 7163 4316
7165 7164 1667
7166 7165 7126
7167 7158 542
7168 7147 2608
7169 1557 577
7170 7169 1270
7171 7170 1389
7172 7171 4378
7173 7172 495
7174 7173 7167
7175 7174 2811
7176 3089 2528
7177 7176 1236
7178 7177 306
7179 3563 1538
7180 7168 3628
7181 4566 88
7182 7181 6997
7183 7175 933
7184 7145 3364
7185 7184 1731
7186 6747 869
7187 7182 2707
7188 7109 1064
7189 7183 4957
7190 7154 1318
7191 4610 2418
7192 7191 6870
7193 7192 6850
7194 7187 4005
7195 6889 3994
7196 7180 3610
7197 4519 2576
7198 7197 1365
7199 7198 2706
7200 7199 379
7201 3778 3499
7202 7189 2564
7203 7132 2695
7204 2896 1157
7205 7204 4558
7206 7185 3787
7207 6971 4137
7208 4300 4116
7209 7196 6765
7210 7202 4937
7211 4286 2446
7212 7121 6529
7213 7206 3919
7214 7210 2020
7215 7213 4455
7216 6100 740
7217 4076 368
7218 7217 7209
7219 7137 2500
7220 7193 3339
7221 7214 407
7222 1932 1686
7223 7212 4630
7224 1647 274
7225 7224 365
7226 510 38
7227 7226 2791
7228 7227 1473
7229 7228 1166
7230 7229 3820
7231 7230 4998
7232 7231 1471
7233 7232 2536
7234 7233 1870
7235 7234 318
7236 7235 1360
7237 7236 3120
7238 7237 1293
7239 7238 7136
7240 7239 2780
7241 7240 7007
7242 7241 3122
7243 7242 128
7244 7243 4624
7245 7244 3900
7246 7245 7128
7247 7246 1006
7248 7188 3183
7249 7207 3878
7250 4992 35
7251 7250 844
7252 7251 7102
7253 7252 4087
7254 7253 877
7255 7087 2051
7256 7255 541
7257 7256 162
7258 7257 2718
7259 7258 4212
7260 7259 1823
7261 7260 463
7262 7261 4126
7263 7262 4478
7264 7263 2028
7265 7264 902
7266 7265 509
7267 7266 3232
7268 7267 3230
7269 7268 396
7270 7160 1641
7271 3317 2535
7272 7271 4433
7273 7272 3752
7274 7273 2949
7275 7274 736
7276 7275 600
7277 7276 2586
7278 7277 4556
7279 7278 7221
7280 7215 2208
7281 6744 3986
7282 7218 4736
7283 4069 3350
7284 7190 1026
7285 7282 739
7286 3407 2556
7287 7279 568
7288 2996 39
7289 7288 7222
7290 7289 142
7291 7290 3036
7292 7291 3912
7293 7292 320
7294 7293 7211
7295 7294 1186
7296 7295 1847
7297 7296 2798
7298 7297 814
7299 7298 7285
7300 7299 3469
7301 7270 4120
7302 7280 3839
7303 5782 4394
7304 7301 1465
7305 3957 3442
7306 7305 3687
7307 7306 4924
7308 7307 7159
7309 7308 143
7310 7309 1328
7311 7310 701
7312 7311 3228
7313 7312 214
7314 7313 268
7315 7314 2924
7316 7315 2839
7317 7316 3404
7318 7317 7127
7319 7318 1187
7320 7319 3263
7321 7320 2486
7322 7321 607
7323 7322 7220
7324 7323 2444
7325 7324 4325
7326 7325 7283
7327 7326 2917
7328 7148 3513
7329 4974 3446
7330 7287 3813
7331 7284 555
7332 7331 3211
7333 7328 466
7334 7330 1514
7335 7334 4438
7336 7335 2865
7337 7248 3197
7338 3071 2763
7339 7186 2702
7340 7300 319
7341 7336 1008
7342 7304 2613
7343 4170 2920
7344 6019 4293
7345 7344 3064
7346 7302 4746
7347 4019 576
7348 7347 7254
7349 7333 1562
7350 7349 200
7351 7341 332
7352 7223 1481
7353 3486 3327
7354 2958 467
7355 7122 3683
7356 7355 3725
7357 7356 7352
7358 7351 1883
7359 7358 3258
7360 4395 1384
7361 7360 7346
7362 7340 3539
7363 7249 734
7364 7363 2123
7365 7362 7329
7366 4782 4026
7367 7357 7348
7368 7367 1510
7369 7368 1749
7370 7359 3188
7371 7332 1599
7372 7370 1720
7373 7372 2799
7374 3821 2000
7375 7338 1565
7376 7373 2514
7377 7365 1734
7378 7342 705
7379 7378 946
7380 7364 2676
7381 7376 695
7382 4615 1876
7383 7203 41
7384 4214 1925
7385 7377 4838
7386 7225 618
7387 7386 4083
7388 7385 1978
7389 3543 2554
7390 7381 2351
7391 7166 2296
7392 7380 1796
7393 7388 2842
7394 4661 2990
7395 7339 3877
7396 7350 3041
7397 4190 3538
7398 7397 2532
7399 7398 2031
7400 7399 3870
7401 4875 3051
7402 7401 7178
7403 7402 4561
7404 7403 4279
7405 7404 1622
7406 7405 4685
7407 7406 4958
7408 7407 1722
7409 7408 1913
7410 7409 508
7411 7410 4409
7412 7411 3018
7413 7412 2317
7414 7413 2614
7415 7414 1637
7416 7415 4944
7417 7416 1723
7418 7417 4174
7419 7418 1915
7420 7419 2665
7421 7420 1343
7422 7421 147
7423 7422 7086
7424 7423 4497
7425 7393 720
7426 7425 4518
7427 2957 868
7428 7400 431
7429 7428 4176
7430 7429 4348
7431 7430 82
7432 7431 786
7433 7432 560
7434 4483 3055
7435 7434 7379
7436 7435 4175
7437 7390 958
7438 2881 2426
7439 7438 2072
7440 7439 7437
7441 7436 2688
7442 2075 1345
7443 7440 1387
7444 7426 1116
7445 7443 249
7446 4564 1479
7447 7327 4268
7448 7441 2624
7449 7361 4045
7450 7445 3699
7451 7395 981
7452 7396 2764
7453 7450 3927
7454 7194 488
7455 7454 766
7456 7371 598
7457 7451 2387
7458 7452 3607
7459 3115 1177
7460 7459 7447
7461 7460 7453
7462 7461 1256
7463 7462 688
7464 7463 531
7465 7464 185
7466 7465 881
7467 7134 1128
7468 7467 2154
7469 7468 4535
7470 7469 7247
7471 6683 2460
7472 7471 6453
7473 7472 191
7474 7473 4853
7475 7474 1422
7476 7475 3084
7477 7369 2815
7478 7466 4390
7479 7457 4322
7480 7455 1513
7481 4867 1819
7482 7481 2587
7483 7482 2040
7484 7478 4638
7485 7391 2999
7486 7484 1511
7487 7448 4735
7488 7486 4868
7489 7449 2513
7490 7200 3176
7491 6679 4067
7492 7485 4846
7493 7488 3238
7494 7444 706
7495 4964 1253
7496 7495 7489
7497 3549 3363
7498 7493 4600
7499 7498 204
7500 7499 4716
7501 7500 2740
7502 7494 608
7503 7433 623
7504 7503 2129
7505 2922 2314
7506 7502 2061
7507 7501 1001
7508 4792 153
7509 7508 7507
7510 7487 4123
7511 7509 4546
7512 6947 246
7513 7496 363
7514 3512 3092
7515 7504 4516
7516 7513 1746
7517 4225 4080
7518 7517 7510
7519 7511 155
7520 2300 2088
7521 7520 1090
7522 7521 7516
7523 7522 4140
7524 7337 4335
7525 7519 1264
7526 7458 4204
7527 7523 2084
7528 7303 1976
7529 7527 2289
7530 7424 4359
7531 2483 2342
7532 7506 3108
7533 7518 4336
7534 6972 4145
7535 7526 2321
7536 7532 4883
7537 7529 4364
7538 6789 1191
7539 7269 3226
7540 7533 3410
7541 7524 578
7542 3812 514
7543 6866 4731
7544 7543 4743
7545 7544 7525
7546 7545 1238
7547 7540 2480
7548 7492 7382
7549 6730 4898
7550 7549 3644
7551 3934 1986
7552 7551 2558
7553 7552 4050
7554 7548 187
7555 7546 1030
7556 7547 2292
7557 4414 3510
7558 7536 1730
7559 7541 2792
7560 7550 4195
7561 7560 1254
7562 7561 7556
7563 7562 6973
7564 3294 2442
7565 3547 51
7566 7505 2879
7567 7566 7477
7568 7558 2149
7569 7383 562
7570 7569 1424
7571 7537 2585
7572 7555 2577
7573 7572 3726
7574 7573 1898
7575 7574 4241
7576 7456 1938
7577 7576 4532
7578 7575 1313
7579 3880 622
7580 7579 4042
7581 7580 7568
7582 7216 4162
7583 7530 100
7584 7583 2639
7585 7578 1416
7586 7554 2089
7587 7384 4856
7588 7585 3911
7589 7563 146
7590 1375 351
7591 6615 4826
7592 7581 4038
7593 7588 3200
7594 7592 2150
7595 3991 3942
7596 7179 3579
7597 7593 790
7598 7597 679
7599 7598 3572
7600 7480 4986
7601 7577 1230
7602 7601 3372
7603 7599 4687
7604 7570 4823
7605 7604 2602
7606 7605 5976
7607 4830 4642
7608 7607 7594
7609 4988 424
7610 4311 1779
7611 3544 2604
7612 7603 2701
7613 7392 2625
7614 7600 4012
7615 7608 803
7616 7586 7539
7617 7615 3282
7618 6616 3771
7619 7584 3505
7620 7612 4946
7621 7535 774
7622 7621 3876
7623 7616 288
7624 4834 1045
7625 7624 7622
7626 7625 1827
7627 7620 7571
7628 7627 697
7629 7628 2142
7630 7629 7626
7631 7630 2925
7632 7631 4620
7633 7632 3592
7634 7633 4784
7635 7634 1067
7636 7635 4114
7637 7636 3532
7638 7637 3537
7639 3819 3576
7640 7476 4090
7641 2886 2159
7642 7617 3480
7643 7638 2893
7644 4078 3514
7645 7286 3019
7646 1469 677
7647 7646 7589
7648 7647 108
7649 5592 412
7650 5308 3164
7651 7642 1520
7652 7643 311
7653 7614 347
7654 7653 3885
7655 2864 1519
7656 7648 4628
7657 7470 84
7658 7623 7557
7659 7658 2711
7660 7651 481
7661 7660 1142
7662 3916 1900
7663 7659 7514
7664 7656 150
7665 7664 4328
7666 7665 1555
7667 6913 3177
7668 7644 7515
7669 7661 3907
7670 7666 2244
7671 7669 1890
7672 3441 2238
7673 7652 587
7674 7670 1241
7675 7673 3678
7676 4627 4461
7677 7657 2571
7678 3712 1352
7679 7678 3584
7680 6667 805
7681 7680 7112
7682 7681 7674
7683 7682 1961
7684 3663 2787
7685 7671 7512
7686 7685 3695
7687 2698 1386
7688 7675 3567
7689 7677 769
7690 7683 4511
7691 7690 7596
7692 7688 4105
7693 2245 1399
7694 7693 7567
7695 4698 2201
7696 1937 1611
7697 7694 2838
7698 4732 1391
7699 7698 7692
7700 7697 1043
7701 3419 1434
7702 7699 3400
7703 7691 2741
7704 6647 2941
7705 7703 7491
7706 7663 4104
7707 7654 1244
7708 7702 2127
7709 7353 7195
7710 7709 7619
7711 7686 4496
7712 6715 875
7713 7712 7706
7714 3617 1199
7715 7714 2888
7716 7715 7711
7717 7602 4451
7718 2766 2751
7719 7027 1736
7720 7708 873
7721 7497 1781
7722 7721 7713
7723 2802 1878
7724 7720 1194
7725 4267 880
7726 7725 7689
7727 7700 3237
7728 7696 4189
7729 7724 4103
7730 7716 2048
7731 7559 672
7732 4747 2091
7733 3430 353
7734 7733 7730
7735 7606 378
7736 7735 59
7737 3891 3147
7738 7727 3851
7739 4362 2485
7740 4391 2663
7741 7734 1874
7742 2497 1740
7743 6696 664
7744 7156 594
7745 7705 727
7746 7684 4138
7747 7707 1440
7748 4243 1240
7749 7748 660
7750 7749 7726
7751 3362 296
7752 7751 1747
7753 7752 3958
7754 7753 7679
7755 7754 7722
7756 4106 3168
7757 7729 2005
7758 7741 7719
7759 7534 3964
7760 4761 735
7761 7760 7219
7762 7761 7757
7763 7745 4812
7764 7763 3159
7765 7755 7538
7766 7758 375
7767 7766 1454
7768 7762 2727
7769 7747 638
7770 7490 3750
7771 4297 2240
7772 7590 3130
7773 7764 1853
7774 4163 2549
7775 7564 404
7776 7775 7773
7777 7768 4941
7778 7767 2674
7779 7736 1576
7780 7777 849
7781 2793 2401
7782 4346 2835
7783 7782 7780
7784 7710 3144
7785 2329 1392
7786 7785 7695
7787 7786 937
7788 7787 1548
7789 7788 4431
7790 7789 7738
7791 7790 4308
7792 7791 1092
7793 7792 205
7794 7793 2555
7795 1322 125
7796 1226 656
7797 7796 2143
7798 7797 2467
7799 7798 7776
7800 7799 1678
7801 7784 3224
7802 7778 617
7803 1646 1506
7804 7483 1004
7805 7765 3561
7806 7805 7800
7807 7806 1371
7808 7807 4811
7809 7808 7667
7810 7809 17
7811 7810 2082
7812 7811 1025
7813 7640 1294
7814 6231 4777
7815 7814 1373
7816 7815 3451
7817 7816 7746
7818 7817 1673
7819 7818 7354
7820 7819 3054
7821 7820 7783
7822 3434 2118
7823 7802 4352
7824 7804 1483
7825 7824 7794
7826 2773 595
7827 7826 3247
7828 7827 7553
7829 7828 1173
7830 7829 4891
7831 7830 2367
7832 7779 667
7833 7821 569
7834 7479 2659
7835 2190 950
7836 7835 190
7837 7836 4712
7838 7837 1593
7839 7838 3743
7840 7839 1106
7841 7840 4723
7842 7841 2909
7843 7842 1987
7844 7823 581
7845 7394 1275
7846 7845 7528
7847 2340 2081
7848 7769 770
7849 7833 285
7850 7834 486
7851 3888 3421
7852 7844 1038
7853 4282 2538
7854 4717 4287
7855 7849 1305
7856 7853 7613
7857 3366 240
7858 4804 1300
7859 7852 2836
7860 7812 7732
7861 7855 744
7862 7861 2437
7863 7862 648
7864 7859 903
7865 4318 1689
7866 4907 4476
7867 7848 1839
7868 7731 2281
7869 7825 1311
7870 7116 1274
7871 4906 938
7872 4825 724
7873 7864 202
7874 7863 3742
7875 4171 2819
7876 7875 4887
7877 7874 2365
7878 7873 4281
7879 7737 1755
7880 7879 3809
7881 7880 3800
7882 7881 7878
7883 7882 4213
7884 7668 1444
7885 7884 661
7886 7885 549
7887 7877 4317
7888 7850 158
7889 7867 1130
7890 7889 422
7891 7012 4437
7892 3884 1480
7893 3002 768
7894 7801 2966
7895 2930 1232
7896 3961 2128
7897 7896 7759
7898 7897 4524
7899 7898 7860
7900 3194 2228
7901 7900 4702
7902 7901 547
7903 7902 917
7904 7903 3564
7905 7904 21
7906 7905 264
7907 7906 1411
7908 7907 1744
7909 7908 3681
7910 7909 7891
7911 7910 7587
7912 7911 7427
7913 7912 1496
7914 7913 910
7915 7914 7899
7916 7915 2017
7917 7868 2502
7918 7701 2570
7919 7918 7832
7920 7887 1201
7921 7869 1127
7922 7883 2156
7923 7920 1323
7924 7803 6833
7925 7921 167
7926 7846 2952
7927 4109 2762
7928 7927 7888
7929 7923 833
7930 7886 4788
7931 7929 545
7932 7890 1581
7933 4375 1981
7934 7922 2729
7935 4304 2221
7936 7935 2964
7937 7936 3010
7938 7937 1154
7939 7938 969
7940 7939 7847
7941 7940 3459
7942 7941 7916
7943 4945 4693
7944 7943 7931
7945 7739 3865
7946 7945 4645
7947 7672 3825
7948 3766 3580
7949 7948 806
7950 7949 1061
7951 7950 2111
7952 7928 564
7953 4644 2375
7954 7894 3984
7955 4635 3024
7956 7934 3556
7957 7917 1427
7958 7957 659
7959 7343 1567
7960 7387 1222
7961 7960 2783
7962 7961 3704
7963 7962 252
7964 7963 2286
7965 7964 13
7966 7965 7942
7967 7966 7649
7968 3479 1060
7969 7892 1656
7970 7933 2376
7971 4589 292
7972 7971 7967
7973 7750 944
7974 7973 4415
7975 4780 1082
7976 2962 1066
7977 3520 2120
7978 3165 2475
7979 7978 698
7980 7979 7944
7981 7582 3863
7982 1886 1175
7983 7639 2479
7984 4168 4141
7985 7954 957
7986 7925 2846
7987 4353 551
7988 7987 7345
7989 7988 4837
7990 7989 7956
7991 7980 2495
7992 2115 2043
7993 7992 7717
7994 7932 2647
7995 2070 878
7996 7995 7972
7997 7993 3219
7998 7997 3095
7999 7813 1085
8000 7999 2206
8001 7991 4051
8002 7772 4771
8003 8001 3397
8004 7843 248
8005 1644 574
8006 4927 4824
8007 8003 2167
8008 8000 845
8009 8008 2188
8010 8009 885
8011 8007 4876
8012 7959 2071
8013 8012 682
8014 7985 1807
8015 7687 7446
8016 8015 8011
8017 3302 2919
8018 4904 4271
8019 4549 3523
8020 7994 1430
8021 3017 2977
8022 7856 1596
8023 8016 2875
8024 8023 1650
8025 8024 468
8026 8014 2943
8027 8026 1475
8028 681 111
8029 8028 2598
8030 8029 8025
8031 7996 1547
8032 3684 2220
8033 7990 3379
8034 4903 4417
8035 6909 2945
8036 8035 1450
8037 8036 1366
8038 8037 2720
8039 8038 8033
8040 8039 6939
8041 7870 7077
8042 7974 4465
8043 8042 7876
8044 8030 7728
8045 1690 1110
8046 8045 7205
8047 8046 8040
8048 2829 1941
8049 8048 3546
8050 8049 4075
8051 8050 8013
8052 8051 8004
8053 8052 7704
8054 8044 283
8055 8043 2112
8056 8055 3033
8057 4358 1075
8058 8057 3461
8059 8047 1112
8060 4342 2341
8061 7740 4916
8062 8059 2758
8063 8062 1786
8064 8063 1011
8065 8064 3633
8066 8065 4914
8067 3897 1909
8068 8054 3433
8069 4389 3099
8070 8066 3706
8071 8070 7970
8072 8071 2066
8073 8072 295
8074 8068 3915
8075 7986 809
8076 8075 1935
8077 8076 172
8078 8031 1028
8079 7565 3769
8080 8079 3521
8081 3385 994
8082 8078 502
8083 8082 4321
8084 7871 7743
8085 8084 4831
8086 8022 3856
8087 3415 1041
8088 8087 3196
8089 4229 3262
8090 8077 2264
8091 8073 4551
8092 4705 4319
8093 7618 1344
8094 8093 1437
8095 8094 3824
8096 8095 489
8097 8096 8083
8098 8080 4462
8099 8098 8020
8100 8090 1917
8101 8085 889
8102 8101 3930
8103 8102 907
8104 8103 8091
8105 3903 3857
8106 8105 8074
8107 7951 1080
8108 8107 7085
8109 8108 3157
8110 8109 7595
8111 8110 3922
8112 8111 1317
8113 8112 7531
8114 8113 8092
8115 8114 8097
8116 8106 3731
8117 4688 421
8118 3854 372
8119 8099 2250
8120 7865 1141
8121 6664 4269
8122 8100 1059
8123 8122 3609
8124 8056 4961
8125 7723 2097
8126 7924 4797
8127 8126 3154
8128 8086 8019
8129 8116 3213
8130 8129 7744
8131 8104 2110
8132 4862 4728
8133 8124 105
8134 8133 1342
8135 8134 2004
8136 8135 4674
8137 8130 2130
8138 1902 1100
8139 8138 2748
8140 8139 7831
8141 8131 425
8142 8141 2096
8143 6963 2200
8144 8143 8142
8145 4918 2022
8146 8137 1249
8147 8146 731
8148 8115 4560
8149 3373 2593
8150 1778 811
8151 8144 4439
8152 8027 953
8153 8152 7645
8154 8147 1354
8155 8151 1297
8156 8127 3153
8157 8156 1817
8158 8157 7366
8159 8158 8123
8160 8159 3722
8161 2230 498
8162 8160 3259
8163 4256 2599
8164 8163 1808
8165 8164 8153
8166 7977 1551
8167 8166 8148
8168 8154 831
8169 7770 4327
8170 8155 526
8171 8170 4033
8172 3978 1418
8173 8172 8171
8174 4991 4469
8175 8168 3111
8176 3268 2590
8177 7983 954
8178 8177 4733
8179 8173 4541
8180 4086 2364
8181 8180 1708
8182 8175 8125
8183 8182 4881
8184 4626 3357
8185 8183 3637
8186 8185 3629
8187 1971 477
8188 8179 1124
8189 8119 4202
8190 4775 962
8191 8162 2726
8192 7958 817
8193 8188 23
8194 8169 1315
8195 2011 921
8196 8195 8193
8197 7281 1993
8198 8197 1860
8199 8198 7676
8200 8199 1299
8201 8200 262
8202 8201 8191
8203 4765 1658
8204 8203 8194
8205 8196 3392
8206 8186 583
8207 2820 1725
8208 7998 641
8209 8208 7718
8210 8136 2369
8211 8205 3893
8212 8206 3338
8213 8202 4861
8214 8211 3137
8215 8165 652
8216 2929 1660
8217 8216 2393
8218 8217 53
8219 8218 2253
8220 8219 1456
8221 8220 4863
8222 8221 4509
8223 8222 8212
8224 8121 3061
8225 3862 2525
8226 1135 18
8227 8167 554
8228 8178 3790
8229 8214 3038
8230 7610 864
8231 3806 1962
8232 3797 2721
8233 8232 2670
8234 8233 465
8235 8234 398
8236 8235 8223
8237 4062 3788
8238 8229 1101
8239 8238 2995
8240 7641 4776
8241 8240 198
8242 8241 2158
8243 8242 4182
8244 4953 2313
8245 8236 2809
8246 8245 4865
8247 8239 783
8248 8247 8190
8249 2584 1133
8250 7981 2850
8251 8250 3588
8252 8251 3574
8253 8149 4925
8254 4772 3052
8255 3110 302
8256 8255 2210
8257 8256 4528
8258 8253 1687
8259 8189 4370
8260 2946 2557
8261 8260 8192
8262 8246 103
8263 3979 1070
8264 2812 2719
8265 3850 3128
8266 8140 7968
8267 8248 579
8268 8128 4742
8269 8268 826
8270 8269 2572
8271 8270 487
8272 8267 999
8273 8262 3109
8274 8272 3045
8275 8274 4697
8276 8275 2737
8277 8227 8174
8278 2306 1048
8279 8278 4833
8280 8276 4555
8281 7611 4605
8282 8281 3590
8283 8282 668
8284 3418 2266
8285 8284 8280
8286 8285 1316
8287 8286 3369
8288 7952 1216
8289 8215 1766
8290 4494 3145
8291 8277 8161
8292 8120 4265
8293 8292 1591
8294 8293 7031
8295 8294 4948
8296 8295 8291
8297 3675 2212
8298 8297 3524
8299 8298 1953
8300 8299 7858
8301 8300 4387
8302 8287 4572
8303 8302 478
8304 8207 7389
8305 8304 1346
8306 8296 1278
8307 4280 3641
8308 8307 2215
8309 8289 2854
8310 8041 758
8311 619 427
8312 1640 1549
8313 4206 1912
8314 8210 506
8315 8314 4254
8316 3533 1550
8317 8316 2144
8318 8283 2883
8319 3896 223
8320 8053 4002
8321 4669 611
8322 8321 8273
8323 8271 2023
8324 8266 4803
8325 8089 4678
8326 8315 624
8327 8326 1683
8328 7822 2644
8329 4938 3672
8330 8329 8303
8331 8322 2717
8332 8330 2754
8333 8261 8228
8334 8331 4539
8335 8213 2157
8336 7374 2733
8337 8336 8334
8338 8117 1985
8339 2383 389
8340 8339 8306
8341 8333 4058
8342 8335 8309
8343 8342 2623
8344 8343 2519
8345 8344 4737
8346 8345 540
8347 8332 3785
8348 8337 156
8349 8341 1
8350 4302 2362
8351 4703 2472
8352 8320 754
8353 8352 8263
8354 8353 7854
8355 8354 8181
8356 8355 1206
8357 8356 2898
8358 8357 1050
8359 8358 8328
8360 8323 1353
8361 8340 8226
8362 8346 1556
8363 4579 2283
8364 8363 8348
8365 3747 3181
8366 8364 1972
8367 8061 3416
8368 8367 7953
8369 4815 543
8370 8369 2290
8371 8324 1906
8372 8209 3887
8373 8366 1196
8374 4726 3494
8375 8347 3664
8376 8375 3582
8377 8373 1102
8378 8349 4773
8379 4499 4017
8380 8362 4283
8381 8254 2049
8382 8380 1957
8383 4671 1825
8384 8383 8360
8385 7866 1792
8386 7756 3266
8387 8386 1764
8388 8387 8368
8389 8388 1793
8390 8389 961
8391 8390 304
8392 8391 2583
8393 8392 8377
8394 7781 4198
8395 8259 280
8396 8290 1507
8397 2332 1863
8398 8397 8361
8399 1150 996
8400 7919 1517
8401 4657 3073
8402 8384 432
8403 8402 1158
8404 8395 4193
8405 8376 8244
8406 8327 321
8407 3447 2993
8408 8407 4983
8409 8408 8393
8410 8382 678
8411 8410 1648
8412 8405 3216
8413 8409 1367
8414 8359 843
8415 8371 559
8416 8415 4397
8417 8403 2077
8418 8404 1468
8419 8301 4200
8420 8419 585
8421 8420 2797
8422 8421 4180
8423 8422 4236
8424 8423 8413
8425 8372 4673
8426 8418 3772
8427 8398 1980
8428 8412 3811
8429 7201 362
8430 8429 972
8431 8430 8427
8432 8431 978
8433 8432 8378
8434 8433 8317
8435 8434 8288
8436 8435 2492
8437 8406 986
8438 4101 3622
8439 8438 2683
8440 8414 762
8441 4471 1151
8442 1185 707
8443 8442 8005
8444 8443 269
8445 8444 887
8446 8445 499
8447 8446 1408
8448 8447 3408
8449 8448 2237
8450 8449 861
8451 8450 2834
8452 8451 4095
8453 8452 8436
8454 4778 2135
8455 8424 1707
8456 8437 1879
8457 8455 241
8458 8230 4902
8459 2357 1881
8460 8440 2906
8461 4165 715
8462 8461 8460
8463 4695 2530
8464 8463 8457
8465 8464 4459
8466 3333 484
8467 8416 1592
8468 8467 7930
8469 8468 45
8470 8184 3231
8471 8428 183
8472 8471 4767
8473 8472 60
8474 8370 2132
8475 2827 2810
8476 8411 2547
8477 8465 7771
8478 8477 1633
8479 8478 413
8480 8417 2874
8481 8469 1005
8482 8425 4487
8483 4108 1071
8484 8479 2293
8485 8338 7955
8486 8484 3618
8487 4504 3437
8488 3025 1279
8489 8488 1775
8490 8489 7442
8491 8486 4850
8492 8439 4911
8493 8476 1251
8494 8493 1494
8495 8494 753
8496 4783 4505
8497 8473 1750
8498 8365 7208
8499 8453 893
8500 3496 2021
8501 8500 2940
8502 8501 1304
8503 8502 4596
8504 8503 8497
8505 3182 2704
8506 8088 3155
8507 8506 8499
8508 8495 8458
8509 8491 8311
8510 4696 528
8511 8510 8504
8512 4107 570
8513 8512 8176
8514 2285 473
8515 8514 4578
8516 8515 8509
8517 8516 417
8518 8490 8264
8519 8518 7946
8520 8519 4477
8521 8318 1835
8522 8508 3992
8523 8522 2680
8524 8507 8018
8525 4739 3443
8526 8456 1561
8527 8526 546
8528 8511 1258
8529 8528 141
8530 7591 256
8531 8530 4943
8532 8523 2431
8533 8529 1954
8534 8350 4115
8535 8396 4003
8536 4065 3697
8537 8517 1435
8538 8537 4429
8539 8480 8399
8540 8498 8462
8541 8400 1946
8542 8538 515
8543 8542 3832
8544 8543 2730
8545 8533 2818
8546 8545 4576
8547 8531 117
8548 8547 3551
8549 8548 2385
8550 8549 610
8551 8550 8524
8552 8551 3342
8553 8532 2801
8554 4100 2666
8555 8527 2955
8556 8555 8553
8557 8556 1875
8558 8557 912
8559 8558 423
8560 8540 355
8561 8560 3472
8562 8145 1525
8563 8562 2972
8564 7650 66
8565 8546 1821
8566 3753 2887
8567 8466 4079
8568 8567 7851
8569 8568 8552
8570 8544 2058
8571 8559 1862
8572 8570 4187
8573 4585 632
8574 8381 4781
8575 3360 3334
8576 8569 1335
8577 7795 2734
8578 8566 3082
8579 8578 11
8580 8579 4063
8581 8081 4573
8582 8565 8249
8583 8572 3173
8584 8426 7895
8585 8561 4987
8586 2578 1865
8587 8577 8492
8588 8587 7872
8589 8588 8582
8590 3529 536
8591 8204 1790
8592 8571 1636
8593 8576 4489
8594 8481 3014
8595 8583 3604
8596 8310 1606
8597 8596 2559
8598 8597 2263
8599 2752 1803
8600 8599 8187
8601 8600 8595
8602 8585 4694
8603 8602 3530
8604 8603 8593
8605 8604 1152
8606 8605 534
8607 8592 1223
8608 8454 4969
8609 8607 457
8610 8581 8032
8611 8474 571
8612 8611 8601
8613 8606 4049
8614 3781 2219
8615 8614 8612
8616 7947 4654
8617 8616 8589
8618 1930 821
8619 8618 8459
8620 8598 8374
8621 8118 4264
8622 8621 7969
8623 8613 4779
8624 8541 4725
8625 8539 3973
8626 8623 333
8627 8626 3289
8628 8615 1802
8629 8625 3042
8630 3174 2187
8631 8630 666
8632 8631 8060
8633 8632 3436
8634 4501 3667
8635 8627 1541
8636 8628 916
8637 8636 1994
8638 8609 544
8639 8482 1645
8640 8638 3160
8641 8640 807
8642 8641 2019
8643 4598 2612
8644 8642 8580
8645 8637 2280
8646 8554 3148
8647 8645 328
8648 8617 829
8649 8647 1436
8650 8649 217
8651 8648 1267
8652 8584 8401
8653 3455 1812
8654 8653 2851
8655 7975 4668
8656 8655 3620
8657 3267 2297
8658 4149 1382
8659 8651 1229
8660 3899 3402
8661 8660 3297
8662 8639 828
8663 8635 1884
8664 2687 718
8665 8659 1231
8666 8650 8243
8667 8652 4818
8668 8665 2788
8669 8666 314
8670 3466 2355
8671 8670 8644
8672 8629 8237
8673 8668 338
8674 8669 1544
8675 6996 4625
8676 8385 4808
8677 8058 2852
8678 8677 4196
8679 8678 8663
8680 8624 1845
8681 8521 472
8682 8681 324
8683 8682 380
8684 4760 2137
8685 8525 4306
8686 8674 1612
8687 8654 3286
8688 2951 3
8689 8686 8673
8690 8689 834
8691 8690 876
8692 8691 1078
8693 8692 8672
8694 8693 8594
8695 8694 2279
8696 8695 8671
8697 8696 1920
8698 8697 225
8699 8698 1947
8700 8699 2705
8701 8700 3542
8702 8701 213
8703 8702 349
8704 8703 1057
8705 8704 836
8706 8705 8067
8707 4128 1691
8708 8707 3241
8709 8708 4629
8710 8535 497
8711 8706 1967
8712 3810 366
8713 8712 7893
8714 8713 3422
8715 8487 2894
8716 8711 8646
8717 2595 2397
8718 8679 512
8719 4292 998
8720 8719 2627
8721 8720 3236
8722 8718 4173
8723 4277 2889
8724 8723 8722
8725 4857 4681
8726 8724 2771
8727 8680 1769
8728 8325 788
8729 8728 3665
8730 8729 2677
8731 8730 8714
8732 8731 8716
8733 8732 691
8734 4890 1049
8735 8734 8252
8736 4004 1931
8737 8010 567
8738 918 612
8739 8733 1984
8740 8258 6093
8741 8740 8520
8742 8741 7926
8743 8742 3375
8744 8132 3066
8745 8726 451
8746 8739 687
8747 4332 2262
8748 8709 609
8749 8748 4933
8750 8746 785
8751 8470 2984
8752 3300 553
8753 8752 1501
8754 8750 4251
8755 8662 3571
8756 8657 7542
8757 8756 2548
8758 8757 1712
8759 8758 492
8760 8759 8002
8761 8760 8754
8762 8745 3671
8763 2390 1851
8764 2678 2148
8765 8763 4167
8766 4952 3595
8767 4064 1956
8768 8736 4592
8769 8768 8762
8770 4291 322
8771 8770 8006
8772 8771 4099
8773 8772 4658
8774 8773 4266
8775 8643 8351
8776 8769 2822
8777 8574 2938
8778 8761 1255
8779 8534 631
8780 8779 1307
8781 8780 8620
8782 8778 121
8783 8735 2656
8784 8782 234
8785 8784 8591
8786 8622 3700
8787 3006 2278
8788 8776 3739
8789 2518 1401
8790 8789 8785
8791 8790 2301
8792 8633 1512
8793 8684 4905
8794 8793 1846
8795 8676 1117
8796 8791 4392
8797 3971 1341
8798 8797 8608
8799 8798 3982
8800 8799 8796
8801 3666 2630
8802 8753 3554
8803 8802 1797
8804 4616 637
8805 8804 8788
8806 3337 2631
8807 8806 8800
8808 8775 8224
8809 3458 2591
8810 8809 856
8811 8810 899
8812 8755 935
8813 7982 1741
8814 8813 2948
8815 8814 1588
8816 8815 1643
8817 8816 3602
8818 8817 8688
8819 8818 1899
8820 8819 1963
8821 8820 8805
8822 8821 1134
8823 8822 482
8824 8823 4013
8825 4121 1183
8826 8807 1908
8827 3735 3269
8828 8319 4070
8829 8610 3275
8830 1461 1459
8831 8830 67
8832 8831 1087
8833 8832 3751
8834 8833 4565
8835 8834 2388
8836 8835 2471
8837 8836 3471
8838 8837 8536
8839 8838 1709
8840 8839 8308
8841 8840 170
8842 8841 8795
8843 8842 8826
8844 8843 3440
8845 3356 1739
8846 8824 2209
8847 4852 4333
8848 8744 3565
8849 8848 689
8850 8849 8846
8851 8844 3630
8852 4481 3457
8853 8743 8717
8854 8675 119
8855 8854 3203
8856 8855 2722
8857 8856 1207
8858 8857 1789
8859 8858 2318
8860 8859 8656
8861 8860 3207
8862 8861 8851
8863 8862 1776
8864 3503 3370
8865 8864 2010
8866 8865 8863
8867 8850 2769
8868 8667 2065
8869 8727 4034
8870 8866 4211
8871 8794 3193
8872 8792 3793
8873 8871 8017
8874 8873 3744
8875 8870 2716
8876 8875 418
8877 8876 1829
8878 8877 1495
8879 8878 8783
8880 3626 1760
8881 8852 3254
8882 8879 2395
8883 8812 3552
8884 8883 2068
8885 8867 795
8886 4706 4569
8887 8886 1885
8888 3987 3570
8889 8845 4963
8890 8885 8021
8891 8803 2417
8892 8777 3424
8893 8892 8766
8894 8893 8890
8895 3647 1063
8896 8868 176
8897 3879 1934
8898 8894 3382
8899 8896 273
8900 8884 247
8901 4085 480
8902 8869 3150
8903 8738 8664
8904 8903 3568
8905 8904 8563
8906 8905 8496
8907 8906 563
8908 3709 1010
8909 8685 2175
8910 4878 1091
8911 8910 537
8912 8911 2429
8913 8912 1784
8914 8913 3348
8915 8914 32
8916 8915 8882
8917 8853 8575
8918 8898 1895
8919 8916 4593
8920 8900 2506
8921 3770 2873
8922 8921 215
8923 8922 1614
8924 8923 1039
8925 8924 8918
8926 8925 99
8927 8926 261
8928 8902 1273
8929 2408 963
8930 8929 8767
8931 8930 952
8932 8931 716
8933 2164 653
8934 8933 1630
8935 8934 177
8936 8935 8751
8937 8936 1188
8938 8937 3039
8939 8938 3783
8940 8939 792
8941 8940 8765
8942 8941 2235
8943 8942 3435
8944 8943 8725
8945 8944 8721
8946 8945 1911
8947 8946 658
8948 8947 2882
8949 8948 8919
8950 8949 7375
8951 4994 2247
8952 4166 2008
8953 8952 1872
8954 8953 2334
8955 8954 674
8956 8955 1361
8957 8956 8927
8958 8950 3716
8959 8069 4112
8960 8899 3815
8961 4131 1225
8962 8961 4928
8963 8962 199
8964 8963 8441
8965 8964 8958
8966 8781 3913
8967 8965 8475
8968 8917 4587
8969 8483 1590
8970 8968 2488
8971 8970 2998
8972 8971 572
8973 8972 2800
8974 8973 8967
8975 8974 2490
8976 8957 2179
8977 8909 3044
8978 8975 3026
8979 8978 1502
8980 8979 3614
8981 8980 1553
8982 8976 1156
8983 8982 662
8984 8983 3652
8985 8394 4813
8986 8985 8984
8987 8981 3519
8988 8987 2895
8989 3826 1429
8990 8989 8986
8991 8880 4754
8992 8872 8379
8993 8992 8990
8994 1631 1358
8995 8994 8988
8996 8995 8737
8997 8897 8305
8998 8993 2804
8999 8998 377
9000 1257 494
9001 9000 8279
9002 9001 8996
9003 3152 2515
9004 7609 1523
9005 9002 1958
9006 8959 3272
9007 9005 647
9008 9007 145
9009 8999 3062
9010 4113 462
9011 9010 2872
9012 9008 984
9013 9012 680
9014 3921 1420
9015 9014 9013
9016 9009 645
9017 4029 3623
9018 9016 2482
9019 9015 2331
9020 9018 3645
9021 9020 3255
9022 4985 3131
9023 9019 3050
9024 8683 1699
9025 9023 65
9026 3507 3490
9027 9026 8928
9028 3566 1414
9029 8513 2499
9030 9021 8747
9031 9025 2241
9032 7655 4379
9033 9032 8808
9034 8505 3780
9035 9031 4124
9036 9030 116
9037 9035 1016
9038 9037 9006
9039 8774 2080
9040 9039 8874
9041 9040 9036
9042 9038 1748
9043 8634 3291
9044 4194 1163
9045 8265 1334
9046 9045 4727
9047 4366 4028
9048 8485 3794
9049 9042 738
9050 8801 4873
9051 9050 3315
9052 9051 586
9053 9052 2032
9054 9053 9047
9055 9054 8225
9056 9055 4179
9057 9056 4721
9058 9057 784
9059 9058 16
9060 9059 699
9061 9060 3112
9062 9061 8825
9063 9062 747
9064 9063 8749
9065 9064 2178
9066 9065 685
9067 9066 729
9068 9067 4960
9069 9068 1356
9070 9069 9041
9071 9070 3081
9072 9071 4238
9073 9027 8619
9074 8901 26
9075 9049 3470
9076 8960 2641
9077 9075 323
9078 8828 3349
9079 9078 139
9080 9079 654
9081 9080 3951
9082 9081 9072
9083 9077 1019
9084 9076 340
9085 9024 895
9086 8920 780
9087 9082 3187
9088 8907 3288
9089 8997 3732
9090 8932 3163
9091 8150 4181
9092 9083 1357
9093 8764 3632
9094 9087 251
9095 9094 1287
9096 9092 3803
9097 9096 1579
9098 9022 8966
9099 9095 1034
9100 9004 8034
9101 9100 2461
9102 9101 3240
9103 9102 1457
9104 9103 7095
9105 9104 719
9106 9105 493
9107 9106 905
9108 9107 9097
9109 9099 4273
9110 9086 2936
9111 9108 348
9112 8710 1830
9113 8312 7857
9114 9113 3344
9115 9114 1442
9116 9115 1702
9117 9110 1791
9118 3220 2114
9119 9109 4231
9120 9111 2107
9121 9033 1265
9122 9119 1007
9123 3557 733
9124 8586 1836
9125 9122 392
9126 9125 2438
9127 9126 48
9128 9127 2675
9129 9120 4210
9130 1542 1370
9131 9130 9129
9132 9131 1180
9133 9128 434
9134 9133 1992
9135 8895 1195
9136 9132 1379
9137 8811 238
9138 9136 120
9139 9134 2433
9140 9139 8908
9141 9084 1854
9142 9089 8257
9143 9140 751
9144 8786 4513
9145 9144 1787
9146 9145 4547
9147 9146 2645
9148 9147 3799
9149 9148 599
9150 9149 3090
9151 9150 9143
9152 9138 894
9153 9151 4183
9154 9152 1959
9155 9153 4466
9156 9154 1942
9157 9156 1099
9158 9043 1767
9159 9142 2700
9160 9155 9088
9161 9157 388
9162 9121 2094
9163 9160 2406
9164 9163 3048
9165 9048 2694
9166 3685 3151
9167 9166 9137
9168 1524 847
9169 9168 7774
9170 9169 3969
9171 9170 2652
9172 9171 9161
9173 9172 381
9174 4061 1462
9175 9174 4632
9176 9175 1393
9177 9176 9173
9178 7976 3895
9179 4656 2916
9180 9179 9177
9181 9164 3124
9182 9073 3358
9183 9180 3835
9184 2973 1665
9185 9184 4402
9186 9183 2451
9187 9181 3953
9188 9186 1383
9189 3101 604
9190 9189 9187
9191 8658 4055
9192 9188 4526
9193 8231 244
9194 9193 2057
9195 9194 1841
9196 9195 9192
9197 9196 4453
9198 8881 2661
9199 124 4
9200 9198 671
9201 9200 7742
9202 9201 9197
9203 9202 4580
9204 9074 1009
9205 9204 1079
9206 9205 897
9207 9206 2305
9208 9207 9190
9209 9208 703
9210 9209 9029
9211 9203 227
9212 8888 8590
9213 9210 839
9214 8991 4422
9215 9211 2036
9216 9215 4835
9217 4603 4290
9218 9112 8847
9219 9213 3170
9220 1377 93
9221 9219 2277
9222 9221 2083
9223 8564 4261
9224 7662 3847
9225 9224 3117
9226 9225 529
9227 9226 4894
9228 9227 621
9229 9228 2218
9230 9229 9222
9231 9230 606
9232 3908 1202
9233 9232 2199
9234 9231 337
9235 9216 4188
9236 9235 3116
9237 9234 919
9238 2007 1428
9239 9238 1143
9240 9239 9091
9241 9240 1554
9242 9241 233
9243 9242 1969
9244 9243 8891
9245 9244 4073
9246 9245 2991
9247 9246 409
9248 9247 548
9249 9248 1815
9250 9249 4467
9251 9250 3009
9252 9251 2378
9253 9252 657
9254 9253 3265
9255 9254 9236
9256 9217 2774
9257 9237 1204
9258 2339 1852
9259 9255 3233
9260 4009 390
9261 3313 891
9262 9261 3619
9263 9262 9158
9264 9263 1566
9265 9264 1425
9266 9265 9259
9267 8969 3074
9268 9257 4540
9269 9124 8977
9270 9269 9178
9271 2469 384
9272 9271 1497
9273 9272 2890
9274 9273 9268
9275 9266 3171
9276 9274 3463
9277 9275 317
9278 9277 3068
9279 2213 1850
9280 9276 1952
9281 9280 2044
9282 9278 710
9283 9085 8829
9284 9281 2255
9285 9284 1419
9286 4672 4530
9287 9285 1914
9288 9282 1700
9289 9287 94
9290 9288 2353
9291 9270 4344
9292 9017 4764
9293 9290 4416
9294 9289 2377
9295 9294 4309
9296 9293 2059
9297 9296 85
9298 9191 3448
9299 9297 2736
9300 9299 2413
9301 9295 110
9302 9301 2239
9303 9302 474
9304 9214 1799
9305 9300 4492
9306 9303 4413
9307 9305 63
9308 9307 1940
9309 9308 476
9310 9090 2276
9311 4399 1350
9312 9311 9309
9313 9141 7984
9314 8951 3007
9315 9182 4577
9316 9312 1205
9317 2671 79
9318 9317 9306
9319 9316 9044
9320 2195 83
9321 9320 1682
9322 9321 9292
9323 9322 900
9324 9323 9318
9325 9324 2374
9326 9325 4215
9327 9326 2295
9328 9319 1022
9329 9327 882
9330 9256 9117
9331 9328 764
9332 9260 4858
9333 9332 9123
9334 9333 9283
9335 9330 3388
9336 9098 4699
9337 9331 9162
9338 9329 1114
9339 9338 4010
9340 9339 3096
9341 8687 3526
9342 9337 1714
9343 9342 1923
9344 9340 1083
9345 1125 639
9346 9345 2534
9347 9346 9344
9348 9347 1685
9349 9348 9343
9350 9349 1892
9351 9350 1504
9352 9351 2147
9353 9352 4523
9354 9353 4484
9355 9354 291
9356 9355 924
9357 9356 2046
9358 9357 369
9359 9358 1445
9360 9359 364
9361 9360 940
9362 9361 4403
9363 9362 3072
9364 9363 3478
9365 9364 4127
9366 9365 4289
9367 9366 9223
9368 9367 2155
9369 9368 2140
9370 9369 2177
9371 9370 376
9372 3680 445
9373 9372 1800
9374 9373 3980
9375 9374 1824
9376 9375 779
9377 9376 4607
9378 9377 9371
9379 9378 160
9380 8787 1858
9381 9379 9310
9382 9315 4982
9383 9381 655
9384 1242 219
9385 9384 2517
9386 9385 3340
9387 9386 106
9388 9387 9335
9389 9388 54
9390 2494 1598
9391 9118 3046
9392 9391 9341
9393 9383 1498
9394 9393 1438
9395 4278 3222
9396 9395 9394
9397 9046 3909
9398 9397 178
9399 9398 4793
9400 9399 757
9401 9400 2985
9402 9401 1044
9403 9402 4563
9404 9403 4130
9405 9404 64
9406 9405 3881
9407 9406 3141
9408 9407 3928
9409 9408 4382
9410 9409 3967
9411 9410 9396
9412 9411 947
9413 968 107
9414 9413 9412
9415 9414 1928
9416 4675 1713
9417 9416 9028
9418 9415 9218
9419 9389 629
9420 3076 1988
9421 9420 4955
9422 9421 9418
9423 9165 4305
9424 9422 1697
9425 9382 2288
9426 460 47
9427 9426 3853
9428 9427 2456
9429 9428 9424
9430 9429 865
9431 9430 1455
9432 9313 1111
9433 3204 3057
9434 9431 808
9435 9434 3974
9436 9419 2725
9437 9435 1788
9438 9437 1828
9439 9298 1772
9440 9439 9291
9441 9440 3648
9442 9441 9011
9443 9442 2246
9444 9443 2825
9445 9444 3166
9446 9445 3965
9447 9446 3954
9448 9447 8313
9449 9448 282
9450 9449 4491
9451 9450 2511
9452 9451 634
9453 9452 2416
9454 9453 2978
9455 9454 2713
9456 9455 2869
9457 9456 4221
9458 9457 371
9459 9458 132
9460 9459 2103
9461 9460 2267
9462 9461 344
9463 9462 931
9464 9463 9279
9465 9464 228
9466 9465 2106
9467 9466 1921
9468 9467 860
9469 9468 3611
9470 9469 539
9471 9470 824
9472 9471 3011
9473 9472 3093
9474 9473 2939
9475 9474 2615
9476 9475 8715
9477 9476 2976
9478 9477 1237
9479 9478 169
9480 9479 2539
9481 9438 2039
9482 3485 1856
9483 9482 9425
9484 9436 448
9485 9481 9159
9486 9483 8827
9487 9380 1268
9488 9487 8573
9489 9485 382
9490 9003 4864
9491 9490 4307
9492 9491 9489
9493 9480 71
9494 9492 3125
9495 9484 184
9496 9423 2545
9497 9496 9493
9498 9494 743
9499 9498 2868
9500 9304 4135
9501 9499 1395
9502 3444 798
9503 9502 1409
9504 9503 867
9505 9504 2560
9506 9505 1973
9507 9506 9392
9508 9507 686
9509 9508 9501
9510 9497 1052
9511 9488 9258
9512 9510 2971
9513 2217 1585
9514 9513 2336
9515 9514 9509
9516 9515 2311
9517 3274 1122
9518 9517 278
9519 9518 538
9520 9519 9516
9521 4000 2600
9522 9520 4734
9523 9512 4909
9524 9522 500
9525 9524 2033
9526 9523 711
9527 9525 2816
9528 9267 9167
9529 9527 2753
9530 3636 1968
9531 9530 9529
9532 9531 3123
9533 4274 2757
9534 9432 755
9535 8889 2845
9536 2104 728
9537 9536 874
9538 9537 78
9539 9538 915
9540 9539 2510
9541 9540 9334
9542 9541 1259
9543 9542 2654
9544 9543 102
9545 9544 4473
9546 9545 9532
9547 9546 3511
9548 9547 2198
9549 9526 2915
9550 9548 1339
9551 4464 4117
9552 9549 2180
9553 9550 2782
9554 9552 4840
9555 9553 759
9556 4384 1333
9557 9556 9555
9558 9554 4554
9559 2655 1474
9560 9559 9557
9561 9560 1147
9562 9500 2055
9563 9562 9233
9564 9563 4436
9565 9564 9417
9566 9565 9212
9567 1433 496
9568 9567 927
9569 9568 9561
9570 471 242
9571 9570 2504
9572 9571 2892
9573 9572 9034
9574 9573 9521
9575 9569 2333
9576 9575 590
9577 9576 2063
9578 9534 2430
9579 9577 1849
9580 9558 777
9581 9579 4470
9582 9581 1600
9583 9582 1910
9584 9583 643
9585 9584 4828
9586 9580 9135
9587 9528 846
9588 9585 1540
9589 9588 89
9590 9589 3367
9591 9586 4136
9592 9591 3642
9593 9566 2531
9594 9593 9590
9595 9592 4882
9596 9595 4400
9597 9336 2425
9598 9597 9596
9599 9598 2194
9600 9599 327
9601 9600 9220
9602 9594 4836
9603 4285 181
9604 9603 9602
9605 9604 1174
9606 9605 3814
9607 9433 3560
9608 9606 9587
9609 9608 4160
9610 9609 3606
9611 9185 1834
9612 9610 2165
9613 2030 1189
9614 9613 1088
9615 9614 1857
9616 9615 1289
9617 9616 1448
9618 9617 4609
9619 9618 3175
9620 9619 2452
9621 9620 3591
9622 9621 2415
9623 9622 2229
9624 9623 2151
9625 9624 3719
9626 9625 9612
9627 9626 3489
9628 9627 2348
9629 9495 9199
9630 9628 2134
9631 9630 2628
9632 9601 670
9633 9631 3858
9634 9633 406
9635 9634 9574
9636 3659 57
9637 9636 1160
9638 9637 3736
9639 9638 3270
9640 9639 114
9641 9640 9635
9642 3976 3901
9643 9642 2786
9644 9641 4536
9645 4893 1093
9646 9645 3449
9647 9646 9644
9648 9647 625
9649 9314 2269
9650 9649 9648
9651 9632 420
9652 9578 4401
9653 2105 403
9654 9653 2821
9655 9654 1944
9656 9655 676
9657 9656 331
9658 9657 9650
9659 4889 4031
9660 9659 9658
9661 4636 385
9662 9661 235
9663 9662 9535
9664 9663 9116
9665 9664 9660
9666 9665 3875
9667 9666 1893
9668 9667 4457
9669 2561 1351
9670 9669 1058
9671 9670 535
9672 9671 3692
9673 9672 9651
9674 9673 2686
9675 9668 1595
9676 9675 1533
9677 2853 2813
9678 9677 9676
9679 9674 154
9680 9678 3201
9681 9680 4538
9682 9681 971
9683 9682 1813
9684 9683 3214
9685 2271 1664
9686 9685 4298
9687 9686 9684
9688 9687 4446
9689 9688 1949
9690 9679 1487
9691 9689 4030
9692 9690 4839
9693 9691 129
9694 9692 335
9695 9693 696
9696 9694 3307
9697 9695 3320
9698 9697 266
9699 9698 1362
9700 1801 717
9701 9700 1998
9702 9701 8661
9703 9702 9699
9704 9703 2621
9705 9704 1453
9706 9533 4595
9707 9705 387
9708 9511 2015
9709 9707 232
9710 9696 1144
9711 9709 704
9712 9711 2691
9713 9712 3550
9714 8887 419
9715 9713 2047
9716 9715 195
9717 4096 3634
9718 9717 2422
9719 9718 9716
9720 9719 1488
9721 9720 2524
9722 9710 354
9723 9721 459
9724 9652 157
9725 9722 750
9726 9723 289
9727 9726 4920
9728 9727 556
9729 9728 1674
9730 9725 358
9731 9730 854
9732 9729 2136
9733 2222 1694
9734 9733 1248
9735 9734 1170
9736 9735 1534
9737 9736 1869
9738 9737 9732
9739 9724 4178
9740 2681 781
9741 9740 9738
9742 9741 1818
9743 9742 1245
9744 9743 3438
9745 9731 2723
9746 9745 2366
9747 9744 2037
9748 9747 816
9749 9748 1759
9750 9749 1719
9751 9746 3718
9752 9750 3843
9753 9752 2857
9754 3608 929
9755 9754 525
9756 9755 2693
9757 9756 9753
9758 9739 2197
9759 9757 3983
9760 9759 4975
9761 9760 752
9762 9761 2152
9763 2789 174
9764 9763 9762
9765 9764 4618
9766 1742 1138
9767 9766 9765
9768 9767 1212
9769 1642 439
9770 9769 9751
9771 9770 2196
9772 9771 2186
9773 9768 76
9774 9611 9551
9775 9772 3336
9776 9486 3676
9777 9776 1604
9778 9773 3246
9779 9777 4161
9780 2618 1330
9781 9780 9758
9782 9778 3139
9783 9708 2897
9784 9783 9782
9785 976 911
9786 9785 9775
9787 9786 3917
9788 9784 9643
9789 9788 4191
9790 9789 9706
9791 9629 1404
9792 9790 3417
9793 9787 4217
9794 3631 1661
9795 9794 2086
9796 9795 4240
9797 9796 9792
9798 9797 588
9799 9798 582
9800 9799 3420
9801 2672 113
9802 9801 9800
9803 9802 9607
9804 9803 2409
9805 4602 4583
9806 9805 1669
9807 9806 2512
9808 9807 1907
9809 9808 1348
9810 9809 1597
9811 9810 1990
9812 9811 796
9813 9812 513
9814 9813 3049
9815 9814 9804
9816 9815 819
9817 9816 1783
9818 9793 9093
9819 9817 1235
9820 9819 2053
9821 9820 982
9822 9821 3034
9823 9822 9791
9824 9823 521
9825 9824 3727
9826 9818 1190
9827 9825 967
9828 9827 1432
9829 9828 2673
9830 9829 2450
9831 9830 3399
9832 9831 243
9833 9781 2087
9834 9832 1754
9835 9779 930
9836 9834 3000
9837 9836 4247
9838 9837 9826
9839 9838 1347
9840 9839 3651
9841 9840 4303
9842 9841 491
9843 9842 253
9844 9843 4758
9845 9844 194
9846 3427 1732
9847 9846 9845
9848 9847 359
9849 9848 3132
9850 9390 2979
9851 9850 3761
9852 9851 2905
9853 9852 2907
9854 9853 9849
9855 9854 293
9856 9855 3688
9857 890 504
9858 9857 9856
9859 9286 2414
9860 9859 3940
9861 9860 4972
9862 9861 9835
9863 9858 1680
9864 9863 1698
9865 2658 299
9866 9865 1184
9867 9866 3627
9868 9867 433
9869 9868 501
9870 9869 2449
9871 9870 2029
9872 9871 2493
9873 9872 315
9874 9873 2412
9875 9874 859
9876 9875 2307
9877 9876 1628
9878 9877 2503
9879 9878 2251
9880 9879 42
9881 9880 9864
9882 9881 644
9883 9882 2509
9884 9883 870
9885 9884 3280
9886 9885 713
9887 9886 2903
9888 9887 4980
9889 9888 2432
9890 9889 3883
9891 9890 2601
9892 9833 4979
9893 9891 2728
9894 9893 1716
9895 4921 1227
9896 9895 9714
9897 9896 3303
9898 9897 2932
9899 9898 2880
9900 9899 9894
9901 9862 3077
9902 9901 2968
9903 9900 4503
9904 9903 1589
9905 9904 980
9906 9905 90
9907 9906 3581
9908 9907 993
9909 9908 1763
9910 9909 853
9911 9910 9774
9912 9911 2067
9913 9912 850
9914 9892 2988
9915 9913 4643
9916 9915 4347
9917 9916 4077
9918 9917 1653
9919 9918 3874
9920 9919 3304
9921 9902 435
9922 9920 4520
9923 9922 4143
9924 9923 68
9925 9924 3326
9926 2338 523
9927 9926 345
9928 9927 4216
9929 9928 1773
9930 9929 4708
9931 9930 3209
9932 9931 2079
9933 3972 1626
9934 9933 9925
9935 9934 2009
9936 9932 1927
9937 9914 287
9938 9936 1873
9939 9935 2440
9940 9921 1618
9941 9939 2145
9942 9941 9940
9943 3063 1451
9944 9943 9942
9945 9944 1423
9946 9945 2649
9947 3285 2540
9948 9947 9938
9949 9948 3306
9950 9949 1918
9951 9950 211
9952 9951 2679
9953 9946 2260
9954 9953 2170
9955 9952 1765
9956 9955 3996
9957 9956 2921
9958 9954 2697
9959 9957 96
9960 9959 2131
9961 9958 2474
9962 9937 3290
9963 9960 1120
9964 9961 2073
9965 9964 1516
9966 9965 2349
9967 1771 29
9968 9967 2785
9969 9968 1668
9970 9969 9966
9971 9963 822
9972 9971 4993
9973 9970 3146
9974 9973 2193
9975 9972 3654
9976 9974 1466
9977 9976 3345
9978 9977 1178
9979 9975 1463
9980 9978 2573
9981 9980 837
9982 9979 3428
9983 9982 9981
9984 9983 4233
9985 9984 4411
9986 9985 2913
9987 9986 4790
9988 9962 250
9989 9987 2963
9990 2927 1717
9991 9990 4597
9992 9991 9988
9993 9989 1608
9994 9993 1574
9995 9994 3129
9996 9992 1065
9997 9996 9995
