3773 909
3941 909
2606 908
5136 908
357 907
5137 907
144 906
2902 906
3493 906
5138 906
2335 905
2770 905
5057 905
5139 905
1336 904
1482 904
4341 904
4740 904
5140 904
5144 904
2443 903
5173 903
5180 903
5201 903
5181 902
5202 902
1233 901
5203 901
4209 900
5210 900
2870 899
5211 899
3278 898
5212 898
36 897
5213 897
3452 896
5214 896
813 895
5215 895
3398 894
5216 894
2324 893
5217 893
646 892
5218 892
603 891
5219 891
4388 890
5220 890
636 889
5221 889
1843 888
5222 888
2643 887
5223 887
49 886
5224 886
222 885
5225 885
1218 884
5226 884
4802 883
5227 883
995 882
5229 882
4682 881
5230 881
2113 880
5231 880
2035 879
5252 879
3423 878
5253 878
2505 877
5254 877
2527 876
5258 876
2052 875
5278 875
1084 874
5279 874
2767 873
5304 873
2565 872
5310 872
2454 871
5323 871
1814 870
5324 870
2400 869
5365 869
4472 868
5382 868
1838 867
5388 867
3180 866
5396 866
1031 865
5403 865
4796 864
5419 864
209 863
2153 863
4419 863
5420 863
2759 862
3717 862
5421 862
5536 862
1615 861
3184 861
5422 861
5537 861
2989 860
3498 860
4350 860
4452 860
5423 860
5538 860
1115 859
1996 859
4591 859
5091 859
5424 859
5539 859
1891 858
2616 858
3829 858
5092 858
5447 858
5540 858
1639 857
1785 857
4648 857
5250 857
5516 857
5541 857
628 856
1214 856
4594 856
5265 856
5520 856
5542 856
196 855
855 855
4125 855
5274 855
5526 855
5543 855
866 854
1476 854
2302 854
2405 854
3277 854
3355 854
3943 854
5328 854
5527 854
5544 854
135 853
1277 853
2567 853
2856 853
3925 853
4423 853
4885 853
5134 853
5329 853
5528 853
5545 853
5550 853
775 852
2970 852
3328 852
3453 852
5281 852
5330 852
5531 852
5546 852
5551 852
5650 852
820 851
1762 851
4288 851
4770 851
4798 851
5331 851
5547 851
5552 851
5562 851
5651 851
714 850
936 850
4984 850
5332 850
5549 850
5553 850
5563 850
5652 850
55 849
4842 849
5333 849
5554 849
5564 849
5653 849
4153 848
4244 848
4428 848
5387 848
5555 848
5654 848
592 847
2211 847
2636 847
5525 847
5586 847
5655 847
1777 846
3305 846
3938 846
5568 846
5587 846
5656 846
1692 845
2205 845
2778 845
5588 845
5649 845
5657 845
361 844
2633 844
3491 844
5631 844
5660 844
5676 844
2214 843
5658 843
5662 843
5677 843
1675 842
2122 842
5663 842
5678 842
134 841
1617 841
3776 841
4897 841
5671 841
5679 841
2109 840
3696 840
4744 840
5647 840
5680 840
5684 840
4234 839
5681 839
5690 839
5711 839
1159 838
2272 838
5692 838
5712 838
4443 837
4859 837
5695 837
5767 837
2042 836
3673 836
5696 836
5777 836
1989 835
2434 835
3378 835
3682 835
5709 835
5787 835
799 834
5728 834
5750 834
5792 834
2470 833
4967 833
5751 833
5795 833
848 832
3492 832
5762 832
5820 832
3754 831
4971 831
5766 831
5850 831
1037 830
4680 830
5775 830
5857 830
818 829
4559 829
5780 829
5858 829
1372 828
3975 828
5783 828
5859 828
565 827
4860 827
5784 827
5866 827
511 826
1042 826
5786 826
5881 826
2712 825
4385 825
5794 825
5931 825
1447 824
2520 824
5807 824
5955 824
1068 823
1072 823
5808 823
5958 823
25 822
2529 822
4154 822
4874 822
5822 822
5973 822
983 821
2473 821
3935 821
5823 821
5978 821
5986 821
118 820
123 820
712 820
2626 820
4763 820
5824 820
5987 820
5993 820
1659 819
4021 819
4660 819
4923 819
5805 819
5844 819
5988 819
5994 819
193 818
3548 818
5806 818
5845 818
5989 818
5995 818
1310 817
5846 817
5990 817
5996 817
1831 816
3869 816
5868 816
5997 816
663 815
4844 815
5871 815
5998 815
52 814
4713 814
5872 814
5999 814
745 813
1388 813
1571 813
3005 813
5873 813
6000 813
3298 812
5557 812
5880 812
6001 812
1701 811
4102 811
5884 811
6002 811
2099 810
3242 810
5886 810
6003 810
237 809
2207 809
5887 809
6004 809
1376 808
1625 808
5888 808
6005 808
2189 807
2191 807
5889 807
6006 807
429 806
3223 806
5891 806
6007 806
3657 805
4901 805
5892 805
6008 805
2638 804
3020 804
5910 804
6009 804
3886 803
3998 803
5936 803
6010 803
602 802
1086 802
5937 802
6011 802
43 801
2581 801
5949 801
6012 801
4617 800
4653 800
5975 800
6013 800
1220 799
2765 799
6016 799
6017 799
6020 798
6024 798
3229 797
6025 797
270 796
6026 796
4930 795
6027 795
2619 794
6028 794
2553 793
6029 793
2050 792
6030 792
692 791
6031 791
1477 790
6032 790
3261 789
6033 789
2468 788
2667 788
3501 788
6034 788
1105 787
2533 787
5277 787
6035 787
1219 786
1385 786
1572 786
4976 786
6037 786
6088 786
1234 785
1703 785
1848 785
5778 785
6057 785
6089 785
4169 784
6076 784
6090 784
6142 784
1032 783
1757 783
6091 783
6143 783
1069 782
2368 782
6121 782
6144 782
437 781
2352 781
6122 781
6145 781
760 780
2163 780
6127 780
6146 780
3243 779
4246 779
6128 779
6147 779
6130 778
6148 778
2436 777
3756 777
4586 777
6149 777
383 776
4981 776
5729 776
6150 776
1871 775
3558 775
5898 775
6151 775
3757 774
4158 774
5899 774
6156 774
3083 773
4020 773
6060 773
6157 773
1522 772
3483 772
3818 772
4795 772
6159 772
6236 772
161 771
6175 771
6180 771
6237 771
1738 770
4356 770
6181 770
6238 770
778 769
1670 769
3004 769
4922 769
6188 769
6239 769
294 768
1610 768
1671 768
6061 768
6194 768
6240 768
1164 767
1203 767
3208 767
6062 767
6207 767
6241 767
416 766
1464 766
2319 766
6063 766
6209 766
6242 766
3426 765
6064 765
6214 765
6243 765
2093 764
2287 764
6065 764
6244 764
1877 763
4537 763
6066 763
6245 763
1681 762
3749 762
6067 762
6292 762
3508 761
4007 761
6068 761
6297 761
1688 760
4785 760
6069 760
6302 760
1619 759
3689 759
6070 759
6327 759
1209 758
3206 758
3947 758
4054 758
6071 758
6330 758
2407 757
6072 757
6345 757
6370 757
1123 756
1718 756
6073 756
6371 756
1634 755
2174 755
6074 755
6375 755
630 754
1374 754
3997 754
4040 754
6084 754
6399 754
789 753
1570 753
2234 753
6141 753
6379 753
6403 753
2268 752
3031 752
4510 752
6331 752
6380 752
6404 752
1131 751
2026 751
4097 751
6342 751
6381 751
6421 751
2312 750
6343 750
6382 750
6422 750
1272 749
3779 749
6383 749
6423 749
960 748
1402 748
4517 748
4575 748
6384 748
6427 748
1826 747
4248 747
4508 747
6039 747
6385 747
6432 747
4482 746
6040 746
6386 746
6433 746
3346 745
3660 745
6041 745
6434 745
224 744
3966 744
6042 744
6435 744
1449 743
3329 743
6043 743
6436 743
669 742
1503 742
2833 742
4581 742
6184 742
6437 742
458 741
3227 741
3707 741
6185 741
6438 741
6446 741
3536 740
6186 740
6312 740
6447 740
301 739
1320 739
6187 739
6461 739
6390 738
6462 738
4622 737
6463 737
24 736
6507 736
276 735
6533 735
2824 734
6535 734
179 733
6544 733
3381 732
6551 732
1609 731
6552 731
447 730
6553 730
1303 729
6554 729
3720 728
6555 728
4299 727
6556 727
87 726
6557 726
2828 725
6564 725
2465 724
6577 724
4132 723
6578 723
4460 722
6586 722
4089 721
6588 721
3431 720
6595 720
1632 719
6596 719
2563 718
6605 718
2760 717
6614 717
325 716
6617 716
1901 715
6629 715
3311 714
6645 714
133 713
6646 713
1654 712
1655 712
4405 712
6649 712
2464 711
3319 711
6663 711
6676 711
6668 710
6677 710
956 709
3482 709
4184 709
6678 709
2423 708
2746 708
5453 708
6684 708
1332 707
4724 707
5454 707
6685 707
3990 706
4947 706
5455 706
6688 706
350 705
4543 705
5456 705
6689 705
1054 704
4351 704
5457 704
6691 704
1753 703
3221 703
5458 703
6693 703
709 702
2316 702
5459 702
6704 702
326 701
4474 701
5460 701
6706 701
490 700
605 700
5461 700
6708 700
1036 699
3028 699
5462 699
6709 699
532 698
4275 698
5463 698
6710 698
552 697
1155 697
2459 697
3960 697
5464 697
6721 697
4374 696
5465 696
6741 696
6751 696
2284 695
3127 695
5466 695
6752 695
1672 694
1710 694
2060 694
4545 694
5467 694
6758 694
675 693
2715 693
4122 693
5468 693
6761 693
6771 693
941 692
2579 692
3822 692
5469 692
6768 692
6772 692
2361 691
5470 691
6769 691
6773 691
454 690
4393 690
5471 690
6774 690
1077 689
2863 689
5472 689
6784 689
1602 688
3476 688
5473 688
6790 688
1966 687
4456 687
5474 687
6822 687
2931 686
4745 686
5475 686
6826 686
840 685
1285 685
3075 685
4334 685
5476 685
6830 685
1319 684
2918 684
3504 684
3603 684
4147 684
5312 684
5477 684
6832 684
290 683
1398 683
2424 683
2566 683
3956 683
4730 683
5021 683
5313 683
5478 683
6834 683
70 682
4485 682
4817 682
5044 682
5066 682
5314 682
5479 682
6841 682
188 681
573 681
2657 681
3844 681
5069 681
5315 681
5480 681
6845 681
58 680
1306 680
2496 680
3768 680
4094 680
4310 680
5159 680
5316 680
5481 680
6846 680
152 679
1594 679
1896 679
2304 679
3299 679
4329 679
4376 679
5160 679
5317 679
5482 679
5798 679
6848 679
469 678
1939 678
2242 678
3737 678
5135 678
5161 678
5318 678
5483 678
5799 678
6862 678
2101 677
2183 677
4252 677
4338 677
4819 677
5171 677
5319 677
5484 677
5817 677
6868 677
163 676
794 676
3473 676
3690 676
3933 676
5256 676
5320 676
5485 676
5818 676
6888 676
297 675
1855 675
2610 675
2745 675
3239 675
5273 675
5321 675
5486 675
5819 675
6906 675
1073 674
1458 674
2108 674
2323 674
4326 674
5322 674
5334 674
5487 674
5825 674
6910 674
189 673
2236 673
2498 673
2837 673
3937 673
5335 673
5367 673
5488 673
5826 673
6918 673
37 672
330 672
1047 672
3596 672
3762 672
4805 672
4915 672
5336 672
5489 672
5503 672
5827 672
6919 672
8 671
236 671
708 671
1139 671
2546 671
2878 671
5337 671
5504 671
5507 671
5619 671
5828 671
6920 671
1727 670
2291 670
2328 670
2708 670
3474 670
4689 670
5338 670
5505 670
5512 670
5620 670
5829 670
6921 670
1864 669
2299 669
2739 669
2965 669
3085 669
4631 669
5339 669
5506 669
5519 669
5621 669
5830 669
6922 669
19 668
633 668
2085 668
2607 668
2732 668
3713 668
5340 668
5508 668
5548 668
5622 668
5831 668
6923 668
136 667
1325 667
1426 667
2775 667
5341 667
5533 667
5618 667
5623 667
5832 667
6924 667
730 666
3873 666
3950 666
5342 666
5604 666
5624 666
5833 666
6926 666
1266 665
2747 665
3509 665
4762 665
5343 665
5625 665
5834 665
6929 665
171 664
782 664
2419 664
2942 664
4142 664
4340 664
5344 664
5626 664
5835 664
6933 664
800 663
1726 663
1882 663
2192 663
3079 663
5345 663
5627 663
5861 663
5920 663
6950 663
723 662
1250 662
3284 662
4056 662
4355 662
5346 662
5691 662
5862 662
5921 662
6955 662
2273 661
2380 661
3650 661
4447 661
4806 661
5347 661
5715 661
5863 661
5922 661
6958 661
1569 660
1982 660
2350 660
3245 660
3541 660
3796 660
4514 660
5348 660
5790 660
5864 660
5923 660
6962 660
61 659
934 659
3135 659
3481 659
5006 659
5349 659
5865 659
5893 659
5924 659
6987 659
737 658
1580 658
3578 658
4043 658
4968 658
5007 658
5350 658
5894 658
5925 658
7002 658
62 657
1018 657
1165 657
3359 657
4220 657
5008 657
5351 657
5895 657
5926 657
7003 657
593 656
923 656
1679 656
1950 656
2550 656
4529 656
4567 656
5067 656
5070 656
5352 656
5927 656
7006 656
140 655
1693 655
1782 655
4159 655
4787 655
4939 655
5071 655
5353 655
5804 655
5928 655
6111 655
7008 655
137 654
1810 654
2265 654
3882 654
4008 654
4650 654
5182 654
5354 654
5929 654
6112 654
6183 654
7009 654
802 653
886 653
1421 653
1535 653
4036 653
4434 653
4435 653
4649 653
5197 653
5355 653
5974 653
6113 653
6807 653
7010 653
765 652
830 652
2844 652
4186 652
4888 652
5267 652
5356 652
6083 652
6094 652
6114 652
6808 652
7028 652
40 651
1919 651
2859 651
3723 651
5268 651
5357 651
6095 651
6115 651
6809 651
7029 651
863 650
1149 650
4092 650
4383 650
4647 650
5269 650
5358 650
6116 650
6810 650
7033 650
756 649
1182 649
3310 649
3462 649
3705 649
4343 649
4711 649
5270 649
5368 649
6117 649
6811 649
7041 649
483 648
1657 648
1752 648
2781 648
3977 648
4655 648
5271 648
5369 648
5427 648
6118 648
6812 648
7062 648
649 647
851 647
1715 647
1945 647
3594 647
4088 647
5276 647
5371 647
5428 647
6138 647
6813 647
7071 647
1286 646
1500 646
3341 646
3782 646
4082 646
4270 646
4662 646
4715 646
5284 646
5372 646
5429 646
6140 646
6814 646
7078 646
77 645
316 645
3199 645
3838 645
4365 645
4369 645
4502 645
4759 645
4879 645
5042 645
5377 645
5381 645
5430 645
6200 645
6965 645
7079 645
1137 644
1363 644
1903 644
1983 644
2095 644
2326 644
3325 644
4664 644
5153 644
5378 644
5404 644
5431 644
5957 644
6208 644
7073 644
7081 644
286 643
879 643
1055 643
1676 643
2876 643
4185 643
5154 643
5385 643
5405 643
5432 643
6234 643
6286 643
7083 643
7088 643
566 642
989 642
2848 642
2910 642
3257 642
4488 642
4886 642
5155 642
5391 642
5406 642
5433 642
6258 642
6287 642
7089 642
373 641
518 641
2382 641
3335 641
4942 641
5156 641
5392 641
5408 641
5434 641
6281 641
6288 641
7090 641
168 640
776 640
2090 640
2891 640
3318 640
3518 640
3694 640
3945 640
4084 640
4418 640
5157 640
5395 640
5435 640
5491 640
6289 640
7091 640
5 639
443 639
1243 639
2987 639
2994 639
3866 639
4071 639
4228 639
5158 639
5400 639
5436 639
5513 639
6290 639
6313 639
6964 639
7092 639
20 638
804 638
1415 638
1926 638
3467 638
4368 638
5275 638
5417 638
5437 638
5556 638
6291 638
6314 638
7119 638
7123 638
614 637
684 637
892 637
1020 637
1526 637
3058 637
4757 637
4848 637
4866 637
5286 637
5418 637
5438 637
5594 637
6295 637
6315 637
7124 637
577 636
1074 636
1557 636
2171 636
2934 636
3235 636
3287 636
3405 636
3848 636
4371 636
5287 636
5426 636
5439 636
5605 636
6305 636
6316 636
7125 636
7130 636
98 635
226 635
281 635
479 635
1109 635
1148 635
1270 635
2428 635
2967 635
3653 635
3789 635
5232 635
5288 635
5440 635
5448 635
5665 635
6317 635
6346 635
7131 635
7169 635
1198 634
1389 634
1431 634
2484 634
2947 634
3394 634
3860 634
4454 634
5022 634
5289 634
5441 634
5502 634
5593 634
5701 634
6318 634
6347 634
7135 634
7170 634
651 633
1288 633
1515 633
2370 633
2997 633
3555 633
4378 633
4420 633
4884 633
5023 633
5290 633
5442 633
5514 633
5708 633
6319 633
6348 633
7146 633
7171 633
495 632
542 632
883 632
1211 632
2435 632
3354 632
3777 632
3868 632
4057 632
4822 632
4973 632
5000 632
5024 632
5291 632
5443 632
5515 632
5714 632
6349 632
7158 632
7172 632
453 631
841 631
1527 631
2535 631
3178 631
3271 631
3317 631
3918 631
3981 631
4037 631
5001 631
5025 631
5058 631
5292 631
5444 631
5591 631
5748 631
6350 631
7167 631
7173 631
310 630
405 630
901 630
925 630
1107 630
1605 630
2811 630
3015 630
3023 630
3215 630
3403 630
3601 630
4433 630
4646 630
5002 630
5026 630
5059 630
5293 630
5445 630
5617 630
5749 630
6351 630
7174 630
7271 630
75 629
109 629
933 629
1573 629
1582 629
1904 629
2024 629
2141 629
2478 629
2794 629
2861 629
2912 629
3308 629
3679 629
3752 629
4312 629
5003 629
5060 629
5077 629
5294 629
5446 629
5666 629
5900 629
5917 629
6352 629
7055 629
7175 629
7272 629
180 628
414 628
450 628
589 628
842 628
992 628
1301 628
1441 628
1991 628
2611 628
2949 628
4032 628
4652 628
4957 628
5004 628
5012 628
5126 628
5141 628
5295 628
5535 628
5683 628
5901 628
6021 628
6303 628
6353 628
7056 628
7183 628
7273 628
81 627
442 627
533 627
635 627
736 627
1094 627
1126 627
1380 627
1811 627
2054 627
2448 627
2501 627
2564 627
3086 627
3189 627
3724 627
4242 627
4500 627
4544 627
4935 627
5005 627
5013 627
5142 627
5272 627
5296 627
5600 627
5710 627
5836 627
5902 627
6105 627
6354 627
7057 627
7189 627
7274 627
127 626
312 626
399 626
600 626
1472 626
1820 626
2356 626
2491 626
2580 626
3442 626
3816 626
3849 626
3957 626
4066 626
4144 626
4320 626
4550 626
4676 626
4937 626
5014 626
5020 626
5033 626
5035 626
5143 626
5309 626
5393 626
5601 626
5768 626
5903 626
5909 626
6108 626
6417 626
6508 626
7058 626
7202 626
7275 626
206 625
920 625
991 625
1119 625
1171 625
1309 625
1705 625
2020 625
2184 625
2586 625
3456 625
3687 625
4152 625
4829 625
5015 625
5036 625
5037 625
5374 625
5416 625
5566 625
5602 625
5606 625
5776 625
5904 625
5945 625
6109 625
6439 625
6509 625
7059 625
7210 625
7276 625
7305 625
407 624
1239 624
2257 624
2274 624
2359 624
2669 624
2975 624
3118 624
3179 624
3390 624
4205 624
4424 624
4556 624
4679 624
4924 624
4966 624
5028 624
5038 624
5510 624
5567 624
5603 624
5607 624
5838 624
5905 624
5950 624
6119 624
6440 624
6510 624
7060 624
7214 624
7277 624
7306 624
97 623
832 623
1624 623
2455 623
2710 623
2908 623
3012 623
3828 623
4659 623
4751 623
5039 623
5046 623
5599 623
5694 623
5769 623
5906 623
5932 623
5979 623
6125 623
6393 623
6441 623
6511 623
7159 623
7221 623
7278 623
7307 623
143 622
568 622
884 622
1296 622
1340 622
1368 622
1381 622
2772 622
2807 622
2871 622
2901 622
4843 622
4880 622
5043 622
5615 622
5877 622
5907 622
5944 622
5984 622
6160 622
6165 622
6394 622
6465 622
6512 622
7279 622
7308 622
303 621
1000 621
1328 621
1443 621
1508 621
2592 621
3162 621
3353 621
3813 621
4041 621
4259 621
4404 621
4692 621
4701 621
4934 621
5045 621
5394 621
5632 621
5878 621
5908 621
6044 621
6056 621
6166 621
6395 621
6505 621
6513 621
7287 621
7309 621
165 620
356 620
441 620
701 620
1514 620
1684 620
2233 620
2507 620
3583 620
3808 620
4490 620
4900 620
5048 620
5425 620
5629 620
5664 620
5879 620
6082 620
6161 620
6213 620
6219 620
6396 620
6506 620
6514 620
7310 620
7330 620
271 619
1263 619
1536 619
2867 619
3032 619
3191 619
3228 619
3691 619
3698 619
4438 619
4956 619
5049 619
5093 619
5630 619
5667 619
5882 619
5918 619
6220 619
6251 619
6397 619
6519 619
6521 619
7311 619
7334 619
214 618
277 618
742 618
1033 618
2865 618
3149 618
4018 618
4430 618
5050 618
5094 618
5633 618
5687 618
5703 618
5951 618
6221 618
6444 618
6540 618
6608 618
7312 618
7335 618
91 617
268 617
909 617
1008 617
2327 617
2749 617
4156 617
4258 617
5095 617
5598 617
5634 617
5704 617
5952 617
6253 617
6541 617
6609 617
7313 617
7336 617
332 616
613 616
615 616
772 616
913 616
987 616
1213 616
2466 616
2551 616
2924 616
4606 616
5110 616
5635 616
5814 616
5953 616
6259 616
6542 616
6610 616
7314 616
7341 616
1246 615
1616 615
1663 615
1867 615
1883 615
1936 615
2839 615
3301 615
4011 615
4015 615
5053 615
5149 615
5636 615
5848 615
6078 615
6263 615
6543 615
6611 615
7315 615
7351 615
640 614
746 614
1314 614
1651 614
1897 614
2315 614
3248 614
3258 614
3371 614
3404 614
3640 614
3807 614
3823 614
4449 614
5124 614
5151 614
5637 614
5875 614
6126 614
6264 614
6612 614
6624 614
7316 614
7358 614
130 613
557 613
812 613
2354 613
2855 613
3188 613
4262 613
4314 613
5009 613
5145 613
5152 613
5638 613
5959 613
6131 613
6265 613
6625 613
6777 613
7127 613
7317 613
7359 613
456 612
1153 612
1187 612
1720 612
2256 612
2418 612
2476 612
2522 612
2744 612
3035 612
3926 612
4486 612
4610 612
4700 612
5017 612
5169 612
5301 612
5639 612
5961 612
6266 612
6641 612
6792 612
7318 612
7370 612
1176 611
1390 611
2225 611
2799 611
2860 611
3195 611
3263 611
3805 611
4677 611
4895 611
5018 611
5175 611
5373 611
5640 611
5962 611
6267 611
6648 611
6849 611
6870 611
7191 611
7319 611
7372 611
284 610
1394 610
1412 610
2486 610
2514 610
2605 610
3600 610
3708 610
4421 610
5019 610
5185 610
5380 610
5641 610
5963 610
6268 610
6686 610
6850 610
7192 610
7320 610
7373 610
148 609
182 609
607 609
695 609
2541 609
2597 609
2914 609
2944 609
3339 609
4965 609
5027 609
5186 609
5397 609
5642 609
5991 609
6269 609
6687 609
7193 609
7321 609
7376 609
1172 608
2351 608
2426 608
2692 608
2731 608
2756 608
2858 608
2881 608
2935 608
3138 608
3386 608
4633 608
5063 608
5187 608
5402 608
5643 608
6081 608
6270 608
6705 608
7220 608
7322 608
7381 608
112 607
313 607
503 607
527 607
958 607
1621 607
2072 607
2160 607
2444 607
3414 607
3475 607
5148 607
5188 607
5410 607
5644 607
6102 607
6271 607
6724 607
6781 607
7323 607
7390 607
7438 607
86 606
1337 606
1521 606
1666 606
2404 606
2648 606
2668 606
2841 606
3253 606
3256 606
3350 606
4069 606
4325 606
5162 606
5189 606
5493 606
5645 606
6106 606
6272 606
6767 606
6782 606
7324 606
7437 606
7439 606
1338 605
1387 605
2013 605
2161 605
2603 605
2777 605
3121 605
3158 605
3553 605
4480 605
5082 605
5116 605
5190 605
5613 605
5646 605
5698 605
6137 605
6273 605
6783 605
7283 605
7325 605
7440 605
249 604
584 604
922 604
979 604
1035 604
1280 604
1704 604
1743 604
2014 604
2832 604
2917 604
3534 604
3988 604
4203 604
4720 604
5061 604
5130 604
5191 604
5672 604
5699 604
5800 604
6139 604
6274 604
6785 604
7326 604
7443 604
601 603
1024 603
1177 603
1308 603
1809 603
2064 603
2275 603
3115 603
3540 603
3699 603
4268 603
4407 603
4623 603
5131 603
5192 603
5700 603
5746 603
5801 603
6086 603
6167 603
6176 603
6275 603
6786 603
6827 603
7327 603
7445 603
7 602
115 602
263 602
561 602
1832 602
2427 602
2884 602
2904 602
3927 602
5132 602
5193 602
5802 602
5839 602
5876 602
6097 602
6172 602
6177 602
6276 602
6828 602
7447 602
7450 602
7459 602
2012 601
3161 601
3249 601
3767 601
3944 601
4301 601
4337 601
4444 601
4932 601
5133 601
5194 601
5803 601
6055 601
6098 601
6178 601
6211 601
6277 601
6839 601
7453 601
7460 601
974 600
985 600
1256 600
2575 600
3013 600
3080 600
3495 600
3516 600
3562 600
4349 600
5195 600
6164 600
6179 600
6195 600
6229 600
6278 600
6282 600
6742 600
6842 600
7461 600
46 599
688 599
1321 599
2074 599
2248 599
2843 599
3040 599
3535 599
3830 599
4426 599
5196 599
6189 599
6196 599
6252 599
6254 599
6279 599
6283 599
6847 599
6893 599
7462 599
12 598
449 598
531 598
2056 598
2216 598
2381 598
3846 598
3970 598
5199 598
6190 598
6197 598
6255 598
6280 598
6296 598
6329 598
6865 598
6894 598
7463 598
185 597
254 597
524 597
702 597
959 597
1627 597
1840 597
2006 597
2069 597
2953 597
4148 597
4651 597
4997 597
5285 597
6192 597
6198 597
6306 597
6333 597
6355 597
6882 597
6895 597
7464 597
881 596
1269 596
1271 596
1733 596
2168 596
2343 596
3669 596
4768 596
4871 596
5302 596
6014 596
6046 596
6199 596
6204 596
6307 596
6334 596
6431 596
6883 596
6896 596
7465 596
1537 595
2345 595
2568 595
3383 595
3384 595
4390 595
4495 595
4641 595
5370 595
6058 595
6205 595
6308 595
6335 595
6356 595
6443 595
6884 595
6897 595
7466 595
122 594
1053 594
3615 594
4638 594
4690 594
5524 594
6158 594
6206 594
6309 594
6448 594
6450 594
6473 594
6898 594
7478 594
1417 593
1511 593
1960 593
2594 593
2650 593
3616 593
4582 593
5530 593
6310 593
6468 593
6474 593
6539 593
6912 593
7484 593
965 592
1951 592
2034 592
2041 592
2588 592
4060 592
4868 592
5569 592
6311 592
6545 592
6650 592
6795 592
6925 592
7486 592
255 591
871 591
1281 591
1888 591
2116 591
2176 591
2784 591
3167 591
3238 591
3902 591
4832 591
5597 591
6459 591
6546 591
6669 591
6796 591
6931 591
7488 591
229 590
1261 590
1413 590
1965 590
3134 590
3605 590
3764 590
4600 590
4872 590
5616 590
5717 590
6518 590
6618 590
6775 590
6797 590
6932 590
7018 590
7493 590
204 589
1276 589
1312 589
1327 589
1563 589
3429 589
3502 589
3598 589
3702 589
5693 589
5763 589
6619 589
6788 589
6798 589
6936 589
6976 589
7019 589
7498 589
797 588
1493 588
2360 588
2569 588
2849 588
3078 588
3612 588
4396 588
4716 588
5745 588
5764 588
5770 588
6620 588
6799 588
6937 588
6977 588
7020 588
7499 588
1121 587
2651 587
2740 587
3746 587
4177 587
5765 587
5771 587
6387 587
6700 587
6800 587
6959 587
6978 587
7021 587
7500 587
153 586
166 586
397 586
1001 586
2182 586
2768 586
4284 586
4381 586
4412 586
4704 586
4792 586
5772 586
6787 586
6801 586
6966 586
6979 586
7022 586
7501 586
149 585
1181 585
2126 585
2750 585
2956 585
3515 585
3784 585
5781 585
6802 585
6819 585
6967 585
7013 585
7023 585
7120 585
7507 585
7508 585
305 584
309 584
522 584
1217 584
1326 584
1552 584
2817 584
3104 584
3364 584
3517 584
3845 584
4546 584
4574 584
4996 584
5797 584
6803 584
6899 584
6974 584
7014 584
7024 584
7145 584
7509 584
155 583
1731 583
4448 583
4722 583
4731 583
5809 583
6294 583
6804 583
6866 583
6900 583
6989 583
7000 583
7015 583
7025 583
7184 583
7511 583
400 582
1264 582
1696 582
1943 582
2173 582
2589 582
2823 582
3198 582
3432 582
3787 582
4001 582
4743 582
5810 582
6805 582
6990 582
7001 582
7026 582
7185 582
7519 582
7543 582
773 581
823 581
1014 581
1396 581
2330 581
2620 581
2703 581
2974 581
3786 581
3919 581
4039 581
4239 581
5011 581
5811 581
6260 581
6806 581
6991 581
7038 581
7138 581
7206 581
7525 581
7544 581
872 580
1238 580
1292 580
4245 580
4295 580
4455 580
4479 580
5016 580
5840 580
6867 580
6986 580
6992 580
7035 580
7040 580
7096 580
7139 580
7213 580
7545 580
275 579
1030 579
1492 579
2078 579
2208 579
5029 579
5841 579
6993 579
7036 579
7053 579
7097 579
7140 579
7215 579
7546 579
1638 578
2294 578
2487 578
2577 578
3613 578
3839 578
4753 578
5030 578
5842 578
7037 578
7072 578
7141 578
7280 578
7555 578
39 577
342 577
945 577
1364 577
1384 577
1686 577
1932 577
2996 577
3726 577
4395 577
4746 577
5031 577
5843 577
7084 577
7113 577
7142 577
7302 577
7572 577
597 576
1021 576
1613 576
1898 576
3775 576
5032 576
5851 576
7094 576
7143 576
7222 576
7288 576
7346 576
7360 576
7573 576
142 575
1531 575
1532 575
1868 575
2100 575
4045 575
4241 575
5034 575
5852 575
7098 575
7144 575
7289 575
7361 575
7574 575
732 574
990 574
1253 574
1313 574
1406 574
2513 574
3036 574
3513 574
4964 574
5040 574
5853 574
7129 574
7148 574
7290 574
7449 574
7575 574
159 573
466 573
1416 573
2396 573
2608 573
3912 573
5047 573
5854 573
7147 573
7291 573
7328 573
7489 573
7495 573
7578 573
320 572
363 572
1108 572
1562 572
2088 572
2300 572
2446 572
3119 572
3628 572
3729 572
3911 572
4286 572
4294 572
5062 572
5855 572
7168 572
7292 572
7333 572
7496 572
7585 572
14 571
200 571
464 571
1090 571
1746 571
2445 571
3200 571
3610 571
5083 571
5856 571
6764 571
7180 571
7211 571
7293 571
7349 571
7513 571
7520 571
7588 571
9 570
368 570
790 570
1186 570
3041 570
3948 570
4076 570
5111 570
5867 570
6765 570
7196 570
7294 570
7350 570
7516 570
7521 570
7593 570
679 569
825 569
1329 569
1847 569
2764 569
4140 569
5112 569
5869 569
7209 569
7217 569
7295 569
7396 569
7522 569
7597 569
1635 568
2084 568
2441 568
2798 568
3572 568
3607 568
3999 568
4736 568
4749 568
5113 568
5911 568
7218 568
7296 568
7452 568
7523 568
7598 568
739 567
814 567
2289 567
2391 567
3309 567
3638 567
4204 567
4687 567
5121 567
5127 567
5915 567
7282 567
7297 567
7458 567
7527 567
7599 567
793 566
2321 566
2701 566
4364 566
5128 566
5163 566
5919 566
7285 566
7298 566
7526 566
7529 566
7603 566
774 565
2585 565
3469 565
3625 565
3946 565
4946 565
5164 565
5933 565
7299 565
7535 565
7537 565
7612 565
319 564
626 564
1045 564
3186 564
3876 564
4834 564
5165 564
5934 564
7300 564
7571 564
7620 564
7621 564
697 563
2254 563
2325 563
3446 563
3539 563
4974 563
5166 563
5935 563
7340 563
7622 563
7624 563
7627 563
928 562
1575 562
1827 562
2142 562
4230 562
4601 562
5167 562
5942 562
7329 562
7362 562
7625 562
7628 562
436 561
1559 561
1734 561
2477 561
5122 561
5172 561
5982 561
7365 561
7626 561
7629 561
428 560
2552 560
2635 560
2925 560
3798 560
4257 560
4838 560
5178 560
5184 560
6015 560
7377 560
7630 560
1607 559
1978 559
2899 559
3377 559
3497 559
3931 559
4620 559
4929 559
5179 559
5206 559
5870 559
6038 559
7385 559
7631 559
201 558
1974 558
2146 558
2259 558
2842 558
3029 558
3225 558
3234 558
3592 558
3734 558
4052 558
5146 558
5207 558
5257 558
6045 558
6475 558
7388 558
7632 558
336 557
438 557
720 557
3097 557
3312 557
3867 557
4634 557
4784 557
4899 557
5041 557
5084 557
5147 557
5249 557
5282 557
6047 557
6476 557
7393 557
7633 557
239 556
1067 556
2662 556
2900 556
3260 556
4146 556
4518 556
4786 556
4896 556
5052 556
5085 556
5200 556
5251 556
5359 556
6054 556
6477 556
7425 556
7634 556
260 555
558 555
1116 555
1894 555
3330 555
4114 555
4219 555
5065 555
5086 555
5255 555
5260 555
5360 555
6092 555
6478 555
7426 555
7635 555
446 554
706 554
1486 554
1977 554
2258 554
3252 554
3532 554
4719 554
5087 554
5261 554
5361 554
5379 554
6101 554
6479 554
7444 554
7636 554
74 553
608 553
761 553
1012 553
3321 553
3460 553
3537 553
3817 553
4047 553
4707 553
5088 553
5262 553
5362 553
5384 553
6120 553
6480 553
7494 553
7637 553
771 552
906 552
1051 552
2061 552
2322 552
2893 552
3597 552
4534 552
4665 552
5089 552
5263 552
5363 552
5386 552
5413 552
6152 552
6481 552
7502 552
7638 552
311 551
1103 551
1349 551
2537 551
3108 551
3114 551
3577 551
5090 551
5264 551
5364 551
5390 551
5414 551
6154 551
6482 551
7506 551
7643 551
245 550
587 550
1887 550
3047 550
3411 550
3454 550
4016 550
4525 550
4883 550
4919 550
5205 550
5266 550
5366 550
5415 550
6169 550
6483 550
7532 550
7652 550
386 549
622 549
1730 549
2102 549
2138 549
2410 549
2885 549
3678 549
3880 549
5208 549
5297 549
5399 549
5449 549
5490 549
6173 549
6484 549
7536 549
7673 549
151 548
550 548
1017 548
2149 548
3488 548
3567 548
4024 548
4042 548
4950 548
5259 548
5298 548
5450 548
5500 548
6174 548
6485 548
7558 548
7579 548
7675 548
391 547
575 547
1391 547
1407 547
1410 547
2755 547
2877 547
4105 547
4732 547
5299 547
5307 547
5451 547
5529 547
6193 547
6486 547
7568 547
7580 547
7688 547
520 546
3027 546
3425 546
4035 546
4038 546
4118 546
4380 546
4463 546
4570 546
5300 546
5311 546
5452 546
5585 546
6202 546
6487 546
7581 546
7692 546
7698 546
265 545
430 545
904 545
939 545
1161 545
2150 545
2373 545
2596 545
2954 545
3400 545
4025 545
4642 545
4830 545
5401 545
5409 545
5565 545
5659 545
5985 545
6230 545
6488 545
7592 545
7699 545
339 544
627 544
1095 544
1695 544
1756 544
1770 544
2127 544
2933 544
3801 544
4235 544
4766 544
5509 544
5558 544
5608 544
5668 544
6235 544
6489 544
6587 544
6692 544
7594 544
7607 544
7702 544
31 543
470 543
803 543
873 543
1359 543
1601 543
2389 543
3396 543
4226 543
4663 543
4774 543
5283 543
5518 543
5559 543
5661 543
5669 543
6249 543
6490 543
6725 543
6829 543
7608 543
7708 543
72 542
1129 542
1146 542
1194 542
1964 542
2795 542
3021 542
3094 542
3126 542
3282 542
3361 542
3993 542
4027 542
4440 542
4442 542
4568 542
4807 542
5523 542
5560 542
5670 542
5674 542
5754 542
6262 542
6491 542
6726 542
6941 542
7615 542
7720 542
444 541
517 541
735 541
1833 541
2223 541
2500 541
2634 541
2689 541
3468 541
3480 541
4103 541
4151 541
4761 541
4777 541
5532 541
5561 541
5682 541
5686 541
5755 541
6231 541
6284 541
6337 541
6460 541
6492 541
6942 541
7137 541
7617 541
7724 541
28 540
210 540
725 540
1373 540
1520 540
1804 540
1997 540
2005 540
2204 540
2787 540
3202 540
3663 540
4133 540
4810 540
5685 540
5697 540
5702 540
5713 540
5756 540
6285 540
6400 540
6493 540
6943 540
7219 540
7642 540
7729 540
7760 540
7814 540
218 539
481 539
2124 539
3451 539
3487 539
3989 539
4098 539
4138 539
4150 539
4729 539
5673 539
5716 539
5719 539
5726 539
5757 539
6321 539
6401 539
6494 539
6944 539
7651 539
7684 539
7757 539
7761 539
7815 539
80 538
519 538
580 538
964 538
1142 538
2001 538
2727 538
3834 538
4014 538
4931 538
5720 538
5727 538
5730 538
5758 538
6322 538
6425 538
6495 538
6945 538
7660 538
7746 538
7762 538
7816 538
6 537
411 537
467 537
1284 537
1489 537
1673 537
1711 537
2098 537
2958 537
3840 537
3907 537
4799 537
4941 537
5721 537
5744 537
5759 537
5890 537
6323 537
6428 537
6496 537
6946 537
7661 537
7768 537
7817 537
246 536
849 536
955 536
1397 536
1890 536
2421 536
2835 536
3244 536
4223 536
4346 536
5722 536
5760 536
5779 536
5812 536
5980 536
6429 536
6497 536
6947 536
7354 536
7669 536
7777 536
7818 536
801 535
1098 535
1136 535
1331 535
1460 535
3054 535
4068 535
5723 535
5813 535
5837 535
5981 535
6454 535
6498 535
7512 535
7671 535
7780 535
7782 535
7819 535
1199 534
3142 534
3617 534
3695 534
4386 534
4406 534
4432 534
4515 534
4637 534
5724 534
5860 534
5930 534
6022 534
6456 534
6499 534
7685 534
7783 534
7820 534
343 533
394 533
569 533
1228 533
1247 533
1979 533
2363 533
2888 533
3643 533
3837 533
4006 533
4253 533
4496 533
4936 533
4940 533
5725 533
5874 533
6018 533
6023 533
6500 533
6550 533
7686 533
7714 533
7821 533
30 532
138 532
272 532
285 532
1478 532
1933 532
3001 532
4074 532
4354 532
4562 532
4614 532
4667 532
5743 532
5946 532
5964 532
6085 532
6103 532
6124 532
6133 532
6501 532
6575 532
7711 532
7715 532
7833 532
353 531
395 531
1040 531
1305 531
2048 531
2076 531
2309 531
3430 531
3559 531
3573 531
3668 531
4201 531
4542 531
4847 531
5303 531
5747 531
5821 531
5965 531
6104 531
6153 531
6170 531
6298 531
6502 531
6576 531
7716 531
7849 531
726 530
744 530
1029 530
1470 530
1999 530
3621 530
4313 530
4531 530
4613 530
5849 530
5883 530
5916 530
5966 530
6168 530
6171 530
6299 530
6503 530
6583 530
6714 530
7730 530
7733 530
7855 530
1003 529
1724 529
1736 529
1874 529
2437 529
2574 529
3445 529
3599 529
3985 529
5885 529
5967 529
6233 529
6246 529
6293 529
6300 529
6504 529
6603 529
7027 529
7734 529
7861 529
648 528
3003 528
3059 528
3205 528
3217 528
4507 528
5960 528
5968 528
6079 528
6247 528
6301 528
6534 528
6604 528
7719 528
7741 528
7862 528
220 527
367 527
375 527
665 527
1262 527
1737 527
2637 527
2805 527
3742 527
4272 527
4557 527
4951 527
5969 527
6036 527
6248 527
6328 527
6549 527
6607 527
7758 527
7863 527
0 526
101 526
360 526
642 526
1454 526
2365 526
3589 526
3745 526
4218 526
4367 526
5407 526
5970 526
6053 526
6250 526
6336 526
6565 526
6582 526
6627 526
7766 526
7874 526
908 525
1169 525
2674 525
3067 525
3528 525
4072 525
4222 525
4317 525
5492 525
5971 525
6129 525
6363 525
6424 525
6566 525
6594 525
6630 525
7767 525
7877 525
2 524
352 524
617 524
748 524
1201 524
1586 524
2337 524
2463 524
2660 524
2738 524
3765 524
5498 524
5972 524
6134 524
6364 524
6442 524
6567 524
6631 524
7778 524
7887 524
673 523
1323 523
1564 523
3065 523
3210 523
3624 523
3914 523
4352 523
5499 523
5977 523
6059 523
6162 523
6365 523
6449 523
6568 523
6632 523
7802 523
7920 523
216 522
581 522
833 522
1652 522
2402 522
2629 522
3351 522
3484 522
3920 522
5793 522
5983 522
6163 522
6366 522
6458 522
6569 522
6633 522
7823 522
7923 522
545 521
815 521
1038 521
2475 521
2682 521
3165 521
3831 521
4093 521
4693 521
4910 521
4945 521
5796 521
6182 521
6191 521
6367 521
6515 521
6570 521
6634 521
7844 521
7929 521
616 520
698 520
1467 520
2003 520
2270 520
2836 520
3147 520
3891 520
4584 520
4990 520
6075 520
6256 520
6304 520
6388 520
6571 520
6635 520
7852 520
7931 520
7943 520
7978 520
903 519
1584 519
1755 519
2320 519
2830 519
2992 519
3655 519
3859 519
4208 519
4978 519
6320 519
6324 519
6398 519
6445 519
6572 519
6636 519
7737 519
7859 519
7944 519
7979 519
197 518
202 518
221 518
300 518
341 518
1056 518
2495 518
2926 518
3107 518
3677 518
3686 518
3809 518
4250 518
4855 518
6325 518
6391 518
6405 518
6466 518
6522 518
6573 518
6637 518
7864 518
7879 518
7980 518
15 517
1027 517
1097 517
1484 517
1505 517
1578 517
3276 517
3387 517
3800 517
4051 517
4281 517
4750 517
6326 517
6339 517
6406 517
6467 517
6523 517
6574 517
6579 517
6589 517
6638 517
7873 517
7880 517
7991 517
208 516
230 516
485 516
1822 516
2384 516
3190 516
3323 516
3397 516
4339 516
4533 516
6123 516
6338 516
6340 516
6407 516
6469 516
6524 516
6580 516
6590 516
6639 516
7878 516
7881 516
8001 516
1224 515
1386 515
1479 515
1706 515
1905 515
2167 515
2698 515
3703 515
4134 515
4213 515
4276 515
4293 515
4564 515
6019 515
6344 515
6408 515
6516 515
6525 515
6581 515
6628 515
6643 515
6666 515
7882 515
8003 515
551 514
722 514
2156 514
2252 514
2358 514
2542 514
3064 514
4091 514
4260 514
4324 514
4353 514
4876 514
6376 514
6409 514
6517 514
6526 514
6584 514
6644 514
6699 514
7344 514
7446 514
7687 514
7883 514
8007 514
2699 513
2729 513
2945 513
3136 513
4129 513
4249 513
6389 513
6410 513
6527 513
6585 513
6681 513
6707 513
6909 513
7345 513
7922 513
7987 513
8011 513
8015 513
1450 512
1543 512
1662 512
1735 512
2018 512
2814 512
2875 512
3556 512
4837 512
6411 512
6528 512
6600 512
6682 512
6727 512
7934 512
7988 512
8016 512
8035 512
111 511
681 511
767 511
1355 511
1366 511
1650 511
2761 511
3295 511
4611 511
6412 511
6538 511
6671 511
6694 511
6729 511
7956 511
7989 511
8023 511
8036 511
402 510
455 510
468 510
926 510
1157 510
1302 510
1611 510
1937 510
2462 510
2598 510
2720 510
2896 510
3053 510
3379 510
3741 510
3904 510
4192 510
4199 510
4224 510
6413 510
6626 510
6672 510
6716 510
6766 510
7990 510
8024 510
8028 510
8037 510
1110 509
1568 509
1690 509
1729 509
1837 509
3133 509
3791 509
3833 509
4189 509
4558 509
6414 509
6472 509
6673 509
6697 509
6717 509
6731 509
6770 509
6938 509
7204 509
7696 509
8025 509
8029 509
8033 509
8038 509
73 508
898 508
1096 508
2125 508
3043 508
3324 508
4425 508
4683 508
6415 508
6674 508
6718 508
6732 508
6754 508
6911 508
6939 508
7205 508
7728 508
8030 508
8039 508
8045 508
283 507
1751 507
1798 507
3500 507
3968 507
4164 507
6373 507
6416 507
6713 507
6719 507
6733 507
6756 507
6915 507
8040 507
8044 507
8046 507
1112 506
1806 506
3100 506
3433 506
3658 506
3730 506
3936 506
4710 506
6451 506
6728 506
6734 506
6759 506
6816 506
6930 506
8047 506
8054 506
258 505
1491 505
1780 505
2347 505
2758 505
3649 505
3701 505
3857 505
3903 505
3915 505
6426 505
6532 505
6735 505
6755 505
6817 505
6935 505
8059 505
8068 505
426 504
763 504
1528 504
1786 504
2298 504
2528 504
2862 504
3089 504
3273 504
3413 504
4197 504
4345 504
4361 504
4841 504
4970 504
6561 504
6736 504
6818 504
6821 504
6980 504
6988 504
8062 504
8074 504
8105 504
896 503
1011 503
1076 503
1236 503
1866 503
2261 503
3103 503
3728 503
3731 503
4023 503
4741 503
4756 503
4854 503
4949 503
6562 503
6737 503
6748 503
6840 503
6905 503
6907 503
6981 503
7032 503
7074 503
7176 503
8063 503
8106 503
298 502
306 502
594 502
1140 502
1369 502
1929 502
2489 502
2831 502
3051 502
3213 502
3633 502
3894 502
4875 502
6107 502
6591 502
6794 502
6853 502
6861 502
6908 502
6982 502
7063 502
7075 502
7156 502
7177 502
8064 502
8116 502
664 501
938 501
1981 501
2743 501
3316 501
3871 501
4375 501
4906 501
4914 501
6592 501
6696 501
6820 501
6843 501
6869 501
6934 501
6983 501
7076 501
7178 501
7401 501
7744 501
8065 501
8129 501
2130 500
2224 500
2376 500
2808 500
3706 500
3715 500
4561 500
4821 500
4917 500
6599 500
6844 500
6957 500
6984 500
7093 500
7402 500
7743 500
7871 500
7933 500
8066 500
8130 500
35 499
516 499
966 499
1249 499
1529 499
1545 499
2544 499
3037 499
3587 499
4279 499
4831 499
4992 499
6665 499
6855 499
6985 499
7004 499
7155 499
7403 499
7970 499
8070 499
8084 499
8137 499
731 498
844 498
889 498
1622 498
1641 498
2066 498
2344 498
2646 498
3172 498
3185 498
3352 498
3639 498
3929 498
6080 498
6680 498
6856 498
7034 498
7101 498
7160 498
7250 498
7404 498
8071 498
8085 498
8146 498
295 497
1210 497
1354 497
2282 497
2609 497
3656 497
3930 497
4120 497
4255 497
4685 497
6529 497
6703 497
6835 497
6863 497
7102 497
7121 497
7251 497
7270 497
7405 497
8072 497
8101 497
8147 497
307 496
683 496
831 496
907 496
975 496
1465 496
1878 496
2802 496
3661 496
3683 496
3710 496
4087 496
4551 496
4630 496
4958 496
6738 496
6836 496
6891 496
7122 496
7212 496
7252 496
7301 496
7406 496
8073 496
8102 496
8154 496
576 495
877 495
1481 495
1587 495
1660 495
1722 495
2092 495
2097 495
2613 495
2929 495
3111 495
3662 495
3725 495
4019 495
4755 495
5761 495
6743 495
6837 495
6892 495
7223 495
7253 495
7304 495
7355 495
7407 495
7723 495
8091 495
8103 495
8168 495
705 494
1530 494
1913 494
2110 494
2393 494
3296 494
3506 494
4962 494
6745 494
6854 494
6901 494
6927 494
7254 494
7342 494
7347 494
7352 494
7356 494
7408 494
8104 494
8125 494
8175 494
8216 494
53 493
69 493
425 493
508 493
810 493
946 493
1221 493
2690 493
2735 493
3055 493
3714 493
4483 493
4881 493
6750 493
6871 493
6928 493
7017 493
7348 493
7357 493
7378 493
7409 493
8131 493
8182 493
8217 493
126 492
1510 492
1539 492
1889 492
2096 492
2200 492
2253 492
2982 492
3464 492
3585 492
3637 492
4409 492
6760 492
6872 492
6940 492
6963 492
7046 492
7367 492
7379 492
7410 492
7434 492
8141 492
8183 492
8218 492
700 491
1456 491
1749 491
2045 491
2314 491
2721 491
2922 491
3018 491
3629 491
3797 491
3836 491
3861 491
3939 491
4175 491
4571 491
4995 491
5816 491
6776 491
6873 491
6953 491
7047 491
7368 491
7411 491
7435 491
8142 491
8143 491
8185 491
8219 491
38 490
267 490
510 490
583 490
2243 490
2317 490
2453 490
2670 490
2688 490
2815 490
2879 490
2950 490
4439 490
4512 490
4599 490
4863 490
6547 490
6780 490
6838 490
6874 490
6954 490
7048 490
7369 490
7412 490
7436 490
7505 490
8144 490
8186 490
8220 490
8232 490
465 489
857 489
1297 489
1399 489
1558 489
1603 489
2038 489
2133 489
2245 489
2614 489
2624 489
2791 489
3338 489
3795 489
4509 489
6864 489
6875 489
6885 489
6902 489
6961 489
7049 489
7226 489
7413 489
7441 489
7477 489
7566 489
8151 489
8206 489
8221 489
8233 489
398 488
505 488
526 488
1392 488
1473 488
1637 488
2139 488
2169 488
2201 488
2329 488
3406 488
3763 488
3802 488
4698 488
4735 488
6876 488
6886 488
6903 488
7005 488
7042 488
7050 488
7227 488
7414 488
7448 488
7567 488
7693 488
8155 488
8212 488
8222 488
8234 488
1166 487
1418 487
1560 487
1861 487
1916 487
2119 487
2653 487
2838 487
2866 487
3069 487
3721 487
3978 487
4033 487
4080 487
4123 487
4225 487
4944 487
6654 487
6877 487
6904 487
7016 487
7043 487
7051 487
7228 487
7415 487
7487 487
7694 487
7695 487
7785 487
8170 487
8223 487
8235 487
937 486
1043 486
1723 486
2790 486
2809 486
2911 486
3056 486
3105 486
3820 486
3932 486
4081 486
4458 486
5689 486
6655 486
6878 486
6948 486
7030 486
7044 486
7064 486
7229 486
7416 486
7510 486
7517 486
7697 486
7786 486
8171 486
8172 486
8236 486
173 485
1446 485
1548 485
2394 485
2664 485
3237 485
4044 485
4174 485
4336 485
4506 485
4541 485
4865 485
4898 485
4998 485
6656 485
6730 485
6879 485
6994 485
6998 485
7045 485
7065 485
7230 485
7417 485
7518 485
7700 485
7787 485
8173 485
8245 485
103 484
693 484
1124 484
1471 484
1915 484
2051 484
3410 484
3644 484
3851 484
4237 484
4360 484
4431 484
4590 484
4608 484
4670 484
4709 484
6657 484
6880 484
7039 484
7052 484
7066 484
7087 484
7231 484
7418 484
7533 484
7549 484
7727 484
7788 484
8179 484
8246 484
23 483
541 483
611 483
921 483
973 483
1002 483
1260 483
1295 483
1819 483
1844 483
2011 483
2386 483
2480 483
2536 483
2665 483
3109 483
4195 483
4669 483
4867 483
6225 483
6658 483
6881 483
7054 483
7067 483
7068 483
7232 483
7255 483
7419 483
7540 483
7550 483
7738 483
7789 483
8188 483
8262 483
162 482
1113 482
1118 482
1254 482
1298 482
1343 482
1870 482
2292 482
2587 482
2663 482
2840 482
3098 482
3890 482
4308 482
4391 482
5072 482
6226 482
6659 482
6890 482
7069 482
7114 482
7233 482
7256 482
7420 482
7481 482
7547 482
7560 482
7790 482
8193 482
8195 482
8273 482
8321 482
147 481
318 481
749 481
1092 481
1499 481
2000 481
2040 481
2062 481
2346 481
2717 481
2718 481
3168 481
3392 481
3821 481
3827 481
4106 481
4315 481
4748 481
4789 481
4916 481
5073 481
6227 481
6660 481
7061 481
7070 481
7115 481
7234 481
7257 481
7421 481
7482 481
7556 481
7561 481
7740 481
7791 481
8196 481
8322 481
205 480
279 480
1004 480
1360 480
1922 480
2212 480
2375 480
2411 480
2733 480
3060 480
3266 480
3416 480
3675 480
3893 480
4212 480
4539 480
4644 480
4800 480
5074 480
6228 480
6661 480
6973 480
7086 480
7117 480
7133 480
7235 480
7258 480
7374 480
7422 480
7483 480
7562 480
7756 480
7792 480
8061 480
8205 480
8331 480
146 479
677 479
1469 479
1483 479
1764 479
1823 479
2555 479
3120 479
3137 479
3524 479
3852 479
4497 479
5075 479
6662 479
6701 479
7157 479
7161 479
7236 479
7259 479
7423 479
7563 479
7793 479
7804 479
7953 479
8211 479
8297 479
8334 479
8336 479
8367 479
8386 479
156 478
463 478
690 478
1293 478
1300 478
1953 478
2025 478
2283 478
3038 478
3898 478
3955 478
4359 478
4579 478
4691 478
4804 478
5076 478
6823 478
7162 478
7237 478
7260 478
7424 478
7589 478
7646 478
7794 478
7824 478
8214 478
8298 478
8337 478
8368 478
8387 478
100 477
108 477
393 477
1101 477
1311 477
1546 477
1793 477
2226 477
2937 477
4126 477
4316 477
5115 477
6824 477
7136 477
7163 477
7238 477
7261 477
7530 477
7647 477
7825 477
7858 477
8229 477
8299 477
8348 477
8363 477
8388 477
694 476
961 476
1127 476
1667 476
1972 476
2639 476
2780 476
2995 476
3088 476
3327 476
3486 476
3994 476
4387 476
4478 476
4553 476
4619 476
4628 476
5123 476
6825 476
6889 476
7164 476
7239 476
7262 476
7583 476
7648 476
7869 476
8238 476
8300 476
8364 476
8389 476
150 475
167 475
304 475
415 475
783 475
962 475
1196 475
2028 475
3505 475
4200 475
4775 475
5125 475
7007 475
7126 475
7165 475
7195 475
7240 475
7263 475
7353 475
7584 475
7656 475
7921 475
8239 475
8301 475
8366 475
8390 475
175 474
585 474
902 474
1102 474
2296 474
2583 474
2846 474
2928 474
2993 474
3022 474
3122 474
3447 474
4328 474
4445 474
4959 474
5168 474
7166 474
7241 474
7264 474
7619 474
7664 474
7709 474
7925 474
8190 474
8247 474
8373 474
8391 474
8419 474
128 473
231 473
308 473
509 473
579 473
809 473
1104 473
1283 473
1506 473
1555 473
1646 473
2797 473
2999 473
3144 473
3450 473
3733 473
4048 473
4983 473
5398 473
6357 473
7110 473
7242 473
7265 473
7391 473
7665 473
7710 473
7986 473
8248 473
8377 473
8392 473
8407 473
8420 473
10 472
805 472
999 472
1876 472
1935 472
2244 472
2481 472
2776 472
3156 472
3224 472
3232 472
4022 472
4180 472
4615 472
4624 472
4846 472
5501 472
6358 472
6667 472
6833 472
7111 472
7243 472
7266 472
7485 472
7666 472
7784 472
7803 472
8075 472
8267 472
8393 472
8408 472
8421 472
172 471
1128 471
1145 471
1241 471
1367 471
1629 471
2966 471
3045 471
3230 471
3376 471
3900 471
4227 471
4236 471
4797 471
5522 471
6359 471
7112 471
7134 471
7244 471
7267 471
7382 471
7492 471
7670 471
7680 471
7801 471
7924 471
8076 471
8272 471
8409 471
8422 471
187 470
396 470
1162 470
2154 470
2264 470
3154 470
3984 470
3995 470
4697 470
5609 470
6360 470
7128 470
7245 470
7268 470
7467 470
7548 470
7674 470
7681 470
7894 470
8077 470
8126 470
8274 470
8413 470
8423 470
957 469
1006 469
1290 469
1538 469
1707 469
1917 469
1961 469
2089 469
2249 469
2737 469
3153 469
3226 469
3292 469
3563 469
3646 469
4535 469
5610 469
6361 469
7246 469
7269 469
7468 469
7554 469
7682 469
7954 469
8090 469
8127 469
8275 469
8424 469
241 468
1059 468
1089 468
1807 468
1817 468
2266 468
2379 468
2457 468
2530 468
3418 468
3579 468
3986 468
4026 468
4053 468
4511 468
4555 468
4695 468
4782 468
5611 468
6362 468
6744 468
7179 468
7247 468
7469 468
7539 468
7586 468
7683 468
7985 468
8100 468
8156 468
8276 468
8455 468
84 467
288 467
1993 467
2943 467
3510 467
3609 467
4323 467
4414 467
5612 467
6052 467
6558 467
7281 467
7366 467
7470 467
7596 467
7616 467
7690 467
8014 467
8122 467
8157 467
8280 467
8284 467
8457 467
8463 467
1316 466
1475 466
1860 466
2240 466
2556 466
2571 466
2741 466
3407 466
4067 466
4297 466
4459 466
4461 466
4588 466
4627 466
5773 466
6679 466
7557 466
7623 466
7657 466
7691 466
8026 466
8123 466
8158 466
8197 466
8285 466
8464 466
769 465
880 465
953 465
1240 465
2599 465
2711 465
3019 465
3092 465
3369 465
3512 465
3722 465
4243 465
4256 465
4267 465
4522 465
6087 465
7286 465
7491 465
7658 465
7676 465
7677 465
7703 465
7771 465
8027 465
8159 465
8198 465
8286 465
8465 465
296 464
660 464
727 464
1299 464
1378 464
1633 464
1808 464
2742 464
3259 464
3362 464
3525 464
3593 464
3758 464
4572 464
6132 464
7514 464
7645 464
7659 464
7689 464
7705 464
7725 464
7748 464
8152 464
8160 464
8163 464
8199 464
8287 464
8477 464
262 463
413 463
478 463
875 463
1352 463
1747 463
1955 463
2228 463
2726 463
3113 463
3194 463
3363 463
3549 463
3672 463
3712 463
4104 463
4812 463
4938 463
5170 463
6257 463
6715 463
7663 463
7726 463
7745 463
7749 463
7751 463
8153 463
8162 463
8164 463
8200 463
8302 463
8478 463
652 462
656 462
944 462
1226 462
1781 462
2293 462
2442 462
3159 462
3294 462
3584 462
3906 462
3958 462
4330 462
4702 462
6261 462
6368 462
7497 462
7678 462
7706 462
7712 462
7750 462
7752 462
7763 462
7900 462
8165 462
8191 462
8201 462
8303 462
8329 462
8479 462
34 461
404 461
547 461
1766 461
1853 461
1948 461
2143 461
2754 461
2819 461
3322 461
3618 461
4171 461
4415 461
4814 461
4861 461
6341 461
6746 461
7564 461
7679 461
7713 461
7721 461
7753 461
7764 461
7796 461
7901 461
7973 461
8202 461
8215 461
8330 461
8484 461
427 460
473 460
619 460
741 460
917 460
1191 460
2157 460
2172 460
2285 460
2467 460
2854 460
3374 460
3785 460
4465 460
4801 460
4850 460
4887 460
6377 460
6753 460
6789 460
7722 460
7754 460
7773 460
7775 460
7797 460
7875 460
7902 460
7974 460
8213 460
8289 460
8332 460
8486 460
212 459
440 459
3102 459
3564 459
3664 459
4578 459
6378 459
6418 459
6793 459
7538 459
7755 459
7776 459
7798 459
7876 459
7903 459
8042 459
8309 459
8311 459
8335 459
8347 459
8491 459
8514 459
21 458
1583 458
1678 458
2112 458
2313 458
2623 458
3561 458
3582 458
3841 458
4468 458
4953 458
5731 458
6419 458
6968 458
7765 458
7799 458
7904 458
8043 458
8342 458
8375 458
8509 458
8515 458
264 457
417 457
2117 457
2519 457
3033 457
4791 457
4892 457
5732 457
6559 457
6969 457
7800 457
7805 457
7905 457
8055 457
8244 457
8343 457
8376 457
8516 457
33 456
334 456
1371 456
1411 456
1435 456
1509 456
3140 456
3216 456
3527 456
3740 456
4111 456
4548 456
4737 456
4827 456
4961 456
5733 456
6560 456
6970 456
7806 456
7906 456
8056 456
8344 456
8405 456
8517 456
22 455
105 455
274 455
540 455
1647 455
1744 455
3177 455
3811 455
3889 455
4137 455
4429 455
4811 455
5734 455
6215 455
6597 455
6913 455
6971 455
7011 455
7807 455
7907 455
8124 455
8345 455
8412 455
8537 455
183 454
207 454
365 454
515 454
1342 454
1556 454
1925 454
2021 454
2185 454
3496 454
3681 454
3872 454
3878 454
3923 454
4214 454
4437 454
5735 454
6598 454
7012 454
7207 454
7224 454
7667 454
7808 454
7908 454
8133 454
8346 454
8428 454
8538 454
17 453
618 453
734 453
2004 453
2221 453
2940 453
3030 453
3693 453
3832 453
4145 453
4283 453
4304 453
4767 453
4856 453
5736 453
6601 453
6972 453
7225 453
7249 453
7384 453
7809 453
7891 453
7909 453
8134 453
8362 453
8471 453
8500 453
8542 453
60 452
868 452
1304 452
1957 452
2082 452
2123 452
2128 452
2730 452
2957 452
2964 452
3961 452
3964 452
4083 452
4110 452
4263 452
4674 452
5737 452
6640 452
7363 452
7386 452
7534 452
7587 452
7810 452
7910 452
7935 452
8135 452
8380 452
8472 452
8501 452
8543 452
650 451
678 451
1025 451
1222 451
1518 451
1750 451
2058 451
2091 451
2369 451
2676 451
3010 451
4596 451
4747 451
5738 451
6675 451
7364 451
7387 451
7427 451
7759 451
7811 451
7896 451
7911 451
7936 451
8136 451
8382 451
8473 451
8502 451
8544 451
506 450
528 450
543 450
1154 450
1496 450
1648 450
1796 450
1805 450
2420 450
2783 450
3538 450
4187 450
4190 450
4524 450
4696 450
4815 450
5739 450
6702 450
7380 450
7732 450
7812 450
7897 450
7912 450
7937 450
7960 450
8210 450
8410 450
8497 450
8503 450
8570 450
477 449
910 449
969 449
1215 449
1728 449
1803 449
1971 449
2081 449
2290 449
2340 449
2532 449
2538 449
2547 449
2625 449
2752 449
3173 449
3704 449
4254 449
4282 449
5740 449
6711 449
7392 449
7397 449
7860 449
7898 449
7913 449
7938 449
7961 449
8314 449
8369 449
8411 449
8504 449
8510 449
8572 449
252 448
624 448
1023 448
1251 448
1258 448
1779 448
2031 448
2132 448
3580 448
3604 448
3766 448
4311 448
4612 448
5741 448
6720 448
7398 448
7613 448
7847 448
7853 448
7899 448
7914 448
7939 448
7962 448
8187 448
8315 448
8370 448
8476 448
8511 448
8583 448
8599 448
141 447
461 447
571 447
806 447
864 447
932 447
1494 447
1596 447
1683 447
2017 447
2286 447
3459 447
3870 447
3949 447
4059 447
5742 447
6739 447
7399 447
7610 447
7856 447
7915 447
7940 447
7948 447
7963 447
8326 447
8474 447
8493 447
8528 447
8595 447
8600 447
13 446
259 446
321 446
431 446
753 446
1061 446
1954 446
1986 446
2219 446
2961 446
2983 446
3477 446
3523 446
3622 446
3781 446
3856 446
3934 446
4101 446
4549 446
4639 446
4902 446
5589 446
5752 446
6740 446
7400 446
7916 446
7941 446
7949 446
7964 446
8022 446
8230 446
8327 446
8494 446
8529 446
8601 446
8611 446
125 445
412 445
475 445
595 445
986 445
1322 445
2111 445
2521 445
2558 445
2683 445
2773 445
2818 445
3792 445
4176 445
5592 445
5753 445
6815 445
7103 445
7428 445
7551 445
7942 445
7950 445
7965 445
8019 445
8086 445
8406 445
8438 445
8458 445
8495 445
8533 445
8612 445
8614 445
292 444
1015 444
1080 444
1623 444
1802 444
1879 444
2734 444
2981 444
3247 444
3531 444
3992 444
4050 444
4348 444
4493 444
4576 444
4589 444
4742 444
4911 444
5939 444
6831 444
7104 444
7429 444
7552 444
7649 444
7795 444
7826 444
7951 444
7966 444
8128 444
8437 444
8439 444
8508 444
8545 444
8615 444
44 443
82 443
724 443
826 443
878 443
916 443
1133 443
1561 443
1821 443
2070 443
2238 443
2584 443
2680 443
3439 443
3441 443
3465 443
4498 443
4825 443
4870 443
5940 443
6860 443
7085 443
7105 443
7430 443
7553 443
7827 443
7967 443
7971 443
8107 443
8268 443
8456 443
8492 443
8522 443
8546 443
8577 443
8628 443
546 442
786 442
791 442
1173 442
1193 442
1994 442
2159 442
2431 442
2572 442
2886 442
3157 442
3771 442
3825 442
3942 442
3991 442
4913 442
5941 442
6616 442
7099 442
7106 442
7431 442
7672 442
7828 442
7872 442
7972 442
7995 442
8108 442
8249 442
8269 442
8523 442
8526 442
8565 442
8587 442
8636 442
487 441
560 441
1100 441
1344 441
1547 441
1902 441
2280 441
2617 441
2801 441
2955 441
4654 441
4776 441
4891 441
5956 441
7100 441
7107 441
7432 441
7595 441
7618 441
7641 441
7829 441
7947 441
7996 441
8109 441
8270 441
8527 441
8532 441
8582 441
8588 441
8637 441
198 440
328 440
374 440
623 440
950 440
1028 440
1437 440
2023 440
2190 440
2367 440
2748 440
3922 440
4666 440
6110 440
7108 440
7433 440
7830 440
8031 440
8093 440
8110 440
8138 440
8240 440
8271 440
8553 440
8555 440
8589 440
8616 440
8645 440
190 439
502 439
829 439
1060 439
1064 439
1317 439
1353 439
1436 439
1825 439
1875 439
2129 439
2158 439
2342 439
2483 439
3016 439
3479 439
3824 439
4671 439
6232 439
7109 439
7503 439
7831 439
7835 439
8078 439
8094 439
8111 439
8139 439
8241 439
8323 439
8556 439
8617 439
8647 439
217 438
489 438
912 438
1081 438
1267 438
3183 438
3514 438
4078 438
4182 438
4319 438
4321 438
4516 438
4705 438
4712 438
6372 438
7188 438
7504 438
7531 438
7836 438
7968 438
8082 438
8095 438
8112 438
8140 438
8242 438
8360 438
8383 438
8557 438
8648 438
8649 438
423 437
432 437
1229 437
1593 437
2166 437
3197 437
4803 437
6430 437
7248 437
7515 437
7644 437
7837 437
8083 437
8092 437
8096 437
8113 437
8243 437
8266 437
8384 437
8558 437
8650 437
8651 437
314 436
1158 436
1231 436
1444 436
1689 436
1761 436
1862 436
1906 436
2120 436
3520 436
3743 436
4318 436
4335 436
6464 436
7337 436
7668 436
7838 436
8097 436
8114 436
8324 436
8402 436
8559 436
8659 436
8666 436
559 435
578 435
661 435
1106 435
1141 435
1544 435
1551 435
1636 435
2077 435
2788 435
2920 435
3218 435
4170 435
4560 435
6642 435
7524 435
7839 435
7865 435
7884 435
7977 435
8115 435
8371 435
8403 435
8571 435
8665 435
8669 435
338 434
549 434
996 434
1150 434
1223 434
1567 434
1612 434
1941 434
2792 434
2829 434
2874 434
4265 434
4397 434
4723 434
4769 434
6651 434
7343 434
7541 434
7840 434
7885 434
8120 434
8148 434
8166 434
8415 434
8417 434
8592 434
8668 434
8674 434
457 433
554 433
620 433
672 433
1405 433
1591 433
1592 433
2071 433
2909 433
3546 433
3635 433
4469 433
4788 433
4991 433
6690 433
7559 433
7841 433
7886 433
7959 433
8048 433
8167 433
8292 433
8399 433
8416 433
8480 433
8607 433
8673 433
8686 433
498 432
544 432
682 432
834 432
869 432
1987 432
2230 432
2281 432
2887 432
3753 432
3973 432
4075 432
6747 432
7031 432
7731 432
7842 432
7930 432
8012 432
8049 432
8174 432
8227 432
8293 432
8467 432
8539 432
8609 432
8689 432
45 431
248 431
876 431
2502 431
2582 431
2702 431
3042 431
3082 431
3160 431
3576 431
3788 431
3819 431
3910 431
4062 431
4948 431
7186 431
7843 431
7868 431
8013 431
8050 431
8161 431
8277 431
8294 431
8468 431
8566 431
8625 431
8638 431
8690 431
11 430
807 430
1005 430
1078 430
1427 430
2479 430
2941 430
3877 430
6647 430
7339 430
7639 430
7917 430
8004 430
8051 430
8237 430
8291 430
8295 430
8469 430
8578 430
8629 430
8640 430
8691 430
389 429
574 429
659 429
707 429
954 429
981 429
1185 429
1278 429
1644 429
2019 429
2383 429
3014 429
4063 429
7395 429
7704 429
7957 429
7983 429
8052 429
8296 429
8481 429
8579 429
8641 429
8672 429
8692 429
18 428
817 428
1135 428
2355 428
2387 428
2557 428
2946 428
3466 428
4002 428
4733 428
7451 428
7958 428
8005 428
8053 428
8177 428
8306 428
8339 428
8442 428
8580 428
8594 428
8642 428
8693 428
269 427
754 427
1070 427
1863 427
2279 427
2332 427
3499 427
3778 427
3790 427
3979 427
4322 427
7457 427
8178 427
8192 427
8226 427
8260 427
8320 427
8340 427
8443 427
8644 427
8670 427
8694 427
362 426
887 426
2364 426
2659 426
4086 426
4287 426
4717 426
7201 426
7479 426
8228 426
8261 426
8263 426
8352 426
8361 426
8397 426
8444 426
8671 426
8695 426
486 425
499 425
972 425
1708 425
1920 425
1980 425
4058 425
7834 425
7854 425
8180 425
8333 425
8353 425
8398 425
8429 425
8445 425
8696 425
1 424
158 424
225 424
1408 424
2762 424
4109 424
7850 424
8181 424
8341 424
8354 424
8427 424
8430 424
8446 424
8697 424
978 423
1206 423
1550 423
1947 423
3408 423
3533 423
4773 423
7888 423
7927 423
8349 423
8355 423
8431 423
8447 423
8698 423
192 422
564 422
2118 422
2144 422
2237 422
2705 422
2898 422
3434 422
4684 422
7928 422
8316 422
8356 422
8378 422
8432 422
8448 422
8699 422
861 421
1050 421
1216 421
2644 421
3542 421
4826 421
6615 421
7822 421
7952 421
8317 421
8357 421
8433 421
8449 421
8700 421
213 420
256 420
2834 420
7591 420
8288 420
8328 420
8358 420
8434 420
8450 420
8701 420
349 419
843 419
1041 419
2492 419
3262 419
3415 419
4095 419
4229 419
4943 419
8359 419
8435 419
8451 419
8530 419
8702 419
117 418
762 418
1057 418
3196 418
4678 418
8087 418
8089 418
8414 418
8436 418
8452 418
8531 418
8703 418
366 417
715 417
768 417
788 417
836 417
893 417
1909 417
2906 417
3002 417
3155 417
3181 417
3551 417
3747 417
3810 417
3897 417
4116 417
4165 417
4300 417
8088 417
8325 417
8440 417
8453 417
8547 417
8704 417
2385 416
2666 416
3665 416
4100 416
4271 416
4904 416
7208 416
7893 416
8067 416
8365 416
8460 416
8461 416
8499 416
8506 416
8548 416
8705 416
8712 416
8728 416
484 415
610 415
1967 415
2677 415
3148 415
3333 415
3422 415
8018 415
8462 415
8498 415
8507 415
8549 415
8554 415
8706 415
8713 415
8729 415
355 414
3421 414
3888 414
4079 414
8466 414
8524 414
8540 414
8550 414
8646 414
8711 414
8714 414
8730 414
514 413
2297 413
2576 413
3267 413
3342 413
3472 413
3812 413
4519 413
7851 413
8551 413
8560 413
8567 413
8716 413
8731 413
691 412
1365 412
4987 412
7197 412
7542 412
8552 412
8561 412
8568 412
8657 412
8732 412
351 411
1335 411
1375 411
1984 411
2548 411
2706 411
4694 411
7198 411
8569 411
8585 411
8733 411
8756 411
379 410
687 410
1712 410
3130 410
3530 410
4489 410
7199 410
7590 410
8576 410
8602 410
8739 410
8757 410
492 409
785 409
1459 409
1461 409
3176 409
4771 409
7200 409
7772 409
8593 409
8603 409
8746 409
8758 409
67 408
1152 408
3750 408
4251 408
7490 408
8002 408
8604 408
8750 408
8759 408
8830 408
534 407
1087 407
4327 407
7770 407
8605 407
8754 407
8760 407
8831 407
1255 406
1315 406
1658 406
3751 406
4049 406
4765 406
8169 406
8606 406
8761 406
8832 406
121 405
4565 405
4779 405
8194 405
8203 405
8613 405
8778 405
8833 405
234 404
333 404
1075 404
1790 404
2388 404
4358 404
8204 404
8623 404
8782 404
8834 404
1401 403
1577 403
2135 403
2471 403
2518 403
3212 403
3289 403
3461 403
4778 403
8057 403
8591 403
8626 403
8784 403
8835 403
1341 402
1541 402
2852 402
3471 402
3697 402
3971 402
4065 402
4625 402
4969 402
6996 402
8058 402
8454 402
8627 402
8785 402
8789 402
8836 402
119 401
1884 401
2301 401
3641 401
4196 401
4280 401
4476 401
4907 401
8536 401
8608 401
8635 401
8675 401
8677 401
8790 401
8797 401
8837 401
1709 400
1792 400
2215 400
3203 400
3982 400
4392 400
7866 400
8307 400
8663 400
8678 400
8791 400
8798 400
8838 400
8854 400
512 399
2631 399
2722 399
3337 399
4808 399
8308 399
8385 399
8679 399
8796 399
8799 399
8839 399
8855 399
170 398
1082 398
1117 398
1175 398
1207 398
1886 398
2889 398
4173 398
4277 398
4780 398
8676 398
8718 398
8800 398
8806 398
8840 398
8856 398
653 397
1741 397
1789 397
1908 397
2164 397
3357 397
4626 397
4668 397
7975 397
7982 397
8722 397
8723 397
8795 397
8807 397
8841 397
8857 397
1630 396
2318 396
2771 396
2948 396
3231 396
3620 396
8184 396
8655 396
8724 396
8813 396
8826 396
8842 396
8858 396
8933 396
177 395
451 395
1588 395
1931 395
2642 395
2984 395
3440 395
4004 395
4640 395
8470 395
8656 395
8726 395
8814 395
8843 395
8859 395
8934 395
1643 394
3207 394
3409 394
3630 394
3671 394
4592 394
6099 394
8736 394
8745 394
8751 394
8815 394
8844 394
8860 394
8935 394
3 393
740 393
1188 393
2951 393
3370 393
3503 393
3602 393
6100 393
8762 393
8768 393
8816 393
8851 393
8861 393
8936 393
1279 392
1403 392
1776 392
1816 392
2010 392
2822 392
3025 392
3039 392
4162 392
7216 392
8688 392
8769 392
8817 392
8862 392
8864 392
8937 392
637 391
1168 391
1345 391
1775 391
1851 391
1899 391
2075 391
2390 391
2485 391
3739 391
3783 391
3863 391
4362 391
4616 391
5305 391
7582 391
8488 391
8776 391
8818 391
8863 391
8865 391
8938 391
792 390
1197 390
1963 390
2593 390
2719 390
2812 390
2850 390
3373 390
3865 390
4167 390
4211 390
5306 390
7442 390
7739 390
7981 390
8489 390
8763 390
8788 390
8804 390
8819 390
8866 390
8939 390
1091 389
2716 389
2990 389
3588 389
4394 389
4645 389
4661 389
4878 389
4925 389
5782 389
7945 389
8149 389
8250 389
8264 389
8490 389
8765 389
8805 389
8820 389
8870 389
8940 389
418 388
537 388
998 388
1049 388
1134 388
1275 388
1687 388
1976 388
2235 388
3169 388
3574 388
4232 388
4292 388
4728 388
4862 388
4890 388
7303 388
7394 388
7946 388
8251 388
8253 388
8518 388
8821 388
8875 388
8910 388
8941 388
482 387
1829 387
2429 387
2627 387
3066 387
3435 387
4477 387
4681 387
4857 387
6093 387
7528 387
7845 387
8132 387
8252 387
8258 387
8519 387
8719 387
8734 387
8822 387
8876 387
8911 387
8942 387
1495 386
1784 386
2656 386
2952 386
3052 386
3236 386
3565 386
4013 386
4772 386
7846 386
8520 386
8720 386
8725 386
8735 386
8740 386
8744 386
8823 386
8877 386
8912 386
8943 386
689 385
2049 385
2209 385
3348 385
7926 385
8254 385
8721 385
8741 385
8783 385
8824 385
8848 385
8878 385
8913 385
8944 385
32 384
1911 384
2395 384
2397 384
2595 384
3375 384
4781 384
8381 384
8742 384
8846 384
8849 384
8879 384
8914 384
8945 384
658 383
2769 383
2938 383
3334 383
3360 383
8574 383
8717 383
8743 383
8850 383
8882 383
8915 383
8946 383
795 382
943 382
1225 382
2632 382
2763 382
2803 382
2882 382
2977 382
3017 382
3071 382
3091 382
3424 382
3595 382
4131 382
4593 382
4952 382
8575 382
8777 382
8853 382
8867 382
8916 382
8947 382
1565 381
2460 381
2873 381
3143 381
3770 381
4587 381
4928 381
6452 381
6683 381
7338 381
8021 381
8766 381
8885 381
8892 381
8917 381
8919 381
8948 381
8961 381
199 380
215 380
1151 380
2488 380
4471 380
6453 380
7375 380
7471 380
8890 380
8893 380
8921 380
8949 380
8962 380
8968 380
191 379
1614 379
2008 379
2998 379
3382 379
3716 379
4166 379
7472 379
8441 379
8894 379
8922 379
8950 379
8963 379
8970 379
572 378
1039 378
1872 378
1895 378
2810 378
2827 378
4853 378
7473 378
8898 378
8923 378
8952 378
8958 378
8964 378
8971 378
1422 377
2334 377
2630 377
2800 377
3666 377
7474 377
8475 377
8918 377
8924 377
8953 377
8965 377
8972 377
99 376
674 376
3084 376
4873 376
7475 376
8801 376
8925 376
8954 376
8967 376
8973 376
261 375
1361 375
2490 375
3315 375
4090 375
7476 375
8926 375
8955 375
8974 375
9050 375
586 374
1294 374
2187 374
3026 374
3174 374
7640 374
8927 374
8956 374
8975 374
9051 374
666 373
1085 373
1502 373
2032 373
2179 373
2341 373
4028 373
4342 373
4366 373
7813 373
8630 373
8957 373
8978 373
9052 373
1156 372
2206 372
2401 372
2525 372
2793 372
3614 372
3862 372
7999 372
8060 372
8631 372
8976 372
8979 372
9047 372
9053 372
662 371
845 371
1553 371
3436 371
4198 371
7781 371
8000 371
8225 371
8632 371
8980 371
8982 371
9054 371
1512 370
2188 370
3519 370
3652 370
4179 370
4813 370
8008 370
8394 370
8633 370
8981 370
8983 370
9055 370
885 369
1048 369
1358 369
1429 369
1631 369
2306 369
2895 369
3793 369
3826 369
4017 369
4499 369
4721 369
8009 369
8792 369
8984 369
8985 369
8987 369
9056 369
494 368
567 368
784 368
1257 368
4833 368
8010 368
8278 368
8379 368
8872 368
8986 368
8988 368
8989 368
8994 368
9057 368
16 367
1691 367
4128 367
8279 367
8737 367
8990 367
8992 367
8995 367
9000 367
9058 367
699 366
2804 366
3241 366
8707 366
8993 366
8996 366
9001 366
9059 366
377 365
1183 365
1958 365
3112 365
4121 365
4629 365
8708 365
8998 365
9002 365
9060 365
322 364
609 364
647 364
2137 364
3062 364
4291 364
4760 364
4824 364
4927 364
8709 364
8825 364
8999 364
9005 364
9061 364
145 363
645 363
747 363
4905 363
4933 363
8006 363
8684 363
8748 363
8770 363
9007 363
9009 363
9062 363
984 362
1846 362
2482 362
4099 362
8749 362
8771 362
8793 362
9008 362
9016 362
9063 362
680 361
1420 361
2178 361
2919 361
3193 361
3302 361
3645 361
3921 361
4658 361
8772 361
8794 361
9012 361
9018 361
9064 361
685 360
2262 360
3255 360
4266 360
4332 360
8017 360
8773 360
8871 360
9013 360
9014 360
9020 360
9065 360
223 359
729 359
2080 359
2331 359
3744 359
3896 359
8747 359
8774 359
8873 359
9015 359
9021 359
9066 359
116 358
3050 358
4070 358
4960 358
8319 358
8874 358
9019 358
9030 358
9039 358
9067 358
65 357
1356 357
3349 357
8828 357
9023 357
9036 357
9040 357
9068 357
139 356
2241 356
3099 356
4389 356
9025 356
9041 356
9069 356
9078 356
654 355
3081 355
4112 355
4124 355
8069 355
9031 355
9070 355
9079 355
424 354
1016 354
3272 354
3951 354
4238 354
4988 354
8959 354
9035 354
9071 354
9080 354
1523 353
4417 353
4903 353
7609 353
9006 353
9037 353
9072 353
9081 353
1748 352
3187 352
8034 352
9004 352
9038 352
9082 352
251 351
738 351
2461 351
9042 351
9087 351
9100 351
1287 350
3240 350
3470 350
9049 350
9094 350
9101 350
323 349
1034 349
1179 349
1457 349
4157 349
9075 349
9095 349
9102 349
1019 348
4273 348
7095 348
9077 348
9099 348
9103 348
372 347
719 347
1357 347
1480 347
3854 347
3884 347
4231 347
9083 347
9104 347
9109 347
493 346
1007 346
1656 346
3803 346
4264 346
7892 346
8118 346
9092 346
9105 346
9119 346
392 345
905 345
1579 345
7969 345
8621 345
9096 345
9106 345
9122 345
2438 344
3700 344
8622 344
9097 344
9107 344
9125 344
48 343
348 343
4513 343
8786 343
9108 343
9126 343
1787 342
2107 342
2675 342
9111 342
9127 342
9144 342
434 341
1370 341
1542 341
4210 341
4547 341
9120 341
9128 341
9145 341
612 340
718 340
918 340
1992 340
2022 340
2645 340
2687 340
4918 340
9129 340
9130 340
9133 340
9146 340
1010 339
1180 339
1525 339
2433 339
3709 339
3799 339
8145 339
8664 339
8738 339
9131 339
9134 339
9147 339
599 338
1379 338
2972 338
3568 338
8562 338
8903 338
8908 338
9132 338
9139 338
9148 338
120 337
751 337
3090 337
4505 337
4783 337
8563 337
8904 337
9136 337
9140 337
9149 337
894 336
8496 336
8905 336
9138 336
9143 336
9150 336
563 335
847 335
1524 335
1959 335
2549 335
4163 335
4183 335
8906 335
9151 335
9152 335
1942 334
3288 334
4466 334
7774 334
8907 334
9153 334
9154 334
9168 334
480 333
1099 333
3969 333
4085 333
9088 333
9155 333
9156 333
9169 333
26 332
388 332
1462 332
2406 332
2652 332
4061 332
8901 332
9157 332
9160 332
9170 332
811 331
1009 331
1428 331
1778 331
2007 331
3048 331
4632 331
9074 331
9161 331
9163 331
9171 331
9174 331
381 330
553 330
1079 330
1143 330
1393 330
3124 330
3300 330
4181 330
8150 330
9164 330
9172 330
9175 330
9204 330
9238 330
604 329
897 329
1501 329
2916 329
3101 329
3953 329
4656 329
8752 329
9091 329
9173 329
9176 329
9181 329
9205 329
9239 329
570 328
1554 328
2305 328
2590 328
3268 328
3554 328
4107 328
8753 328
9177 328
9179 328
9187 328
9189 328
9206 328
9240 328
233 327
1797 327
1900 327
1962 327
3806 327
3835 327
3916 327
8176 327
8512 327
8802 327
9180 327
9190 327
9207 327
9241 327
244 326
703 326
1969 326
2417 326
2451 326
2499 326
3457 326
3847 326
4481 326
7662 326
8231 326
8513 326
8803 326
9183 326
9208 326
9242 326
1383 325
2057 325
3117 325
3254 325
8852 325
8891 325
9029 325
9186 325
9193 325
9209 325
9224 325
9243 325
529 324
839 324
1841 324
2661 324
4073 324
4526 324
8881 324
9188 324
9194 324
9210 324
9225 324
9244 324
671 323
1740 323
2497 323
2991 323
3170 323
4894 323
9192 323
9195 323
9198 323
9213 323
9226 323
9245 323
409 322
621 322
2277 322
4453 322
7742 322
9196 322
9200 322
9219 322
9227 322
9246 322
548 321
2083 321
2218 321
9197 321
9201 321
9221 321
9228 321
9247 321
1815 320
4580 320
9202 320
9222 320
9229 320
9248 320
227 319
606 319
4467 319
9203 319
9230 319
9249 319
337 318
2036 318
3009 318
3667 318
4501 318
9211 318
9231 318
9250 318
384 317
891 317
919 317
2378 317
2469 317
3291 317
3313 317
4835 317
8634 317
9215 317
9234 317
9251 317
657 316
1204 316
1497 316
1767 316
3619 316
4188 316
9043 316
9216 316
9237 316
9252 316
9261 316
9271 316
2890 315
3116 315
3265 315
4540 315
9158 315
9235 315
9253 315
9257 315
9262 315
9272 315
1566 314
9236 314
9254 314
9263 314
9268 314
9273 314
1425 313
3233 313
3463 313
9255 313
9264 313
9274 313
1952 312
9259 312
9265 312
9276 312
2044 311
3171 311
9266 311
9280 311
317 310
2255 310
9275 310
9281 310
1419 309
3068 309
9277 309
9284 309
710 308
1914 308
9278 308
9285 308
94 307
1700 307
9282 307
9287 307
2353 306
2377 306
9288 306
9289 306
4309 305
4416 305
9290 305
9294 305
110 304
2059 304
9293 304
9295 304
83 303
85 303
2195 303
2239 303
3623 303
4029 303
9296 303
9301 303
474 302
1682 302
2736 302
4764 302
9017 302
9297 302
9302 302
9320 302
79 301
2413 301
2671 301
4413 301
9292 301
9299 301
9303 301
9321 301
900 300
4492 300
9300 300
9306 300
9317 300
9322 300
63 299
1490 299
2308 299
9305 299
9318 299
9323 299
1880 298
1940 298
2374 298
6212 298
9307 298
9324 298
476 297
1350 297
2472 297
2612 297
4215 297
4269 297
4399 297
4598 297
4703 297
6664 297
9308 297
9325 297
1519 296
2295 296
2864 296
3061 296
8121 296
8351 296
8643 296
9309 296
9311 296
9326 296
882 295
1163 295
1205 295
4194 295
4379 295
7655 295
8224 295
8775 295
9312 295
9327 295
1114 294
8808 294
9032 294
9044 294
9316 294
9329 294
1022 293
1265 293
4010 293
9033 293
9319 293
9338 293
639 292
764 292
1125 292
2094 292
3096 292
9121 292
9328 292
9339 292
1083 291
2534 291
9162 291
9331 291
9340 291
9345 291
1714 290
9337 290
9344 290
9346 290
1685 289
1923 289
9342 289
9347 289
9343 288
9348 288
1892 287
9349 287
1504 286
9350 286
2147 285
9351 285
4523 284
9352 284
4484 283
9353 283
291 282
9354 282
924 281
9355 281
2046 280
9356 280
369 279
9357 279
1445 278
2685 278
3738 278
9358 278
364 277
1924 277
5079 277
9359 277
862 276
940 276
5080 276
9360 276
1620 275
3128 275
3850 275
4403 275
5081 275
9361 275
1334 274
1452 274
3072 274
5174 274
8265 274
9362 274
3164 273
3478 273
4727 273
5308 273
9045 273
9363 273
66 272
3909 272
4127 272
7650 272
9046 272
9364 272
178 271
445 271
3680 271
4261 271
4289 271
8564 271
9365 271
9397 271
1800 270
4793 270
9223 270
9366 270
9372 270
9398 270
757 269
963 269
1956 269
2155 269
2408 269
3980 269
4064 269
9367 269
9373 269
9399 269
1824 268
2140 268
2985 268
8767 268
8929 268
9368 268
9374 268
9400 268
779 267
952 267
1044 267
2177 267
8930 267
9369 267
9375 267
9401 267
376 266
716 266
4563 266
4607 266
8931 266
9370 266
9376 266
9402 266
3163 265
4130 265
8932 265
9371 265
9377 265
9403 265
64 264
160 264
2276 264
9090 264
9378 264
9404 264
3881 263
9310 263
9379 263
9405 263
655 262
3141 262
9381 262
9406 262
1498 261
3928 261
9383 261
9407 261
1438 260
3145 260
3222 260
4278 260
4382 260
4494 260
9393 260
9408 260
1507 259
3967 259
8290 259
9394 259
9395 259
9409 259
4003 258
8396 258
9396 258
9410 258
107 257
497 257
947 257
968 257
8535 257
9411 257
1830 256
4333 256
4852 256
8710 256
9412 256
9413 256
1928 255
1988 255
3076 255
8847 255
9112 255
9414 255
47 254
460 254
4955 254
9218 254
9415 254
9420 254
3853 253
9418 253
9421 253
9426 253
1697 252
2456 252
9422 252
9427 252
9424 251
9428 251
865 250
1725 250
2554 250
2820 250
3543 250
9429 250
1455 249
7389 249
8207 249
9430 249
302 248
808 248
1346 248
1934 248
3110 248
3879 248
8304 248
9431 248
2210 247
3974 247
8255 247
8305 247
8897 247
9434 247
1788 246
3732 246
4528 246
8256 246
8997 246
9435 246
1828 245
8257 245
9089 245
9437 245
2039 244
2515 244
2700 244
3152 244
9142 244
9438 244
798 243
1812 243
2604 243
3444 243
3455 243
3544 243
4864 243
9003 243
9159 243
9481 243
382 242
1409 242
2851 242
4307 242
4605 242
7611 242
8653 242
9485 242
9490 242
9502 242
867 241
2114 241
3220 241
3286 241
3590 241
8281 241
8654 241
9489 241
9491 241
9503 241
668 240
2560 240
3046 240
3125 240
3526 240
8282 240
8687 240
9118 240
9492 240
9504 240
743 239
1973 239
2883 239
8283 239
9341 239
9391 239
9494 239
9505 239
1835 238
2868 238
8318 238
9392 238
9498 238
9506 238
472 237
686 237
1395 237
1585 237
2217 237
8521 237
9499 237
9507 237
324 236
994 236
1122 236
2336 236
3274 236
3385 236
8681 236
9501 236
9508 236
9513 236
278 235
380 235
728 235
2104 235
2220 235
3684 235
4573 235
8081 235
8682 235
9509 235
9514 235
9517 235
390 234
538 234
874 234
1699 234
2311 234
4009 234
8032 234
8581 234
8683 234
9515 234
9518 234
9536 234
78 233
733 233
895 233
3275 233
3557 233
4858 233
8610 233
9024 233
9260 233
9516 233
9519 233
9537 233
915 232
4734 232
8829 232
9085 232
9123 232
9332 232
9520 232
9538 232
500 231
2510 231
9283 231
9333 231
9522 231
9539 231
2033 230
9334 230
9524 230
9540 230
1259 229
2816 229
9525 229
9541 229
1968 228
2654 228
2753 228
3636 228
9527 228
9542 228
102 227
9529 227
9530 227
9543 227
3123 226
4473 226
9531 226
9544 226
9532 225
9545 225
3511 224
9546 224
2198 223
9547 223
1339 222
9548 222
2782 221
9550 221
759 220
1333 220
4384 220
9553 220
1474 219
2655 219
9555 219
9556 219
496 218
1433 218
9557 218
9559 218
927 217
1147 217
9560 217
9567 217
9561 216
9568 216
2333 215
9569 215
590 214
1760 214
3626 214
9575 214
2063 213
4754 213
8880 213
9576 213
1849 212
4422 212
8991 212
9577 212
1799 211
4470 211
9214 211
9579 211
1202 210
1600 210
3908 210
4135 210
9304 210
9581 210
1910 209
2055 209
2199 209
9232 209
9500 209
9582 209
643 208
1414 208
1713 208
3566 208
4675 208
9233 208
9562 208
9583 208
536 207
1189 207
2030 207
3529 207
3570 207
3987 207
4436 207
4828 207
9028 207
9416 207
9563 207
9584 207
1088 206
1540 206
8590 206
8888 206
9417 206
9564 206
9585 206
9613 206
89 205
1857 205
2591 205
3458 205
9212 205
9565 205
9588 205
9614 205
856 204
1289 204
2531 204
3367 204
8809 204
9566 204
9589 204
9615 204
899 203
1071 203
1448 203
4108 203
8810 203
9590 203
9593 203
9616 203
181 202
238 202
1590 202
3151 202
3685 202
4285 202
4609 202
4836 202
8483 202
8811 202
9594 202
9617 202
3074 201
3175 201
8969 201
9137 201
9166 201
9602 201
9603 201
9618 201
1174 200
2452 200
9167 200
9267 200
9604 200
9619 200
846 199
3591 199
3814 199
9528 199
9605 199
9620 199
2415 198
9587 198
9606 198
9621 198
2229 197
4160 197
9608 197
9622 197
2151 196
3606 196
9609 196
9623 196
2165 195
3719 195
9610 195
9624 195
9612 194
9625 194
3489 193
9626 193
242 192
471 192
2348 192
9627 192
57 191
2134 191
2504 191
2704 191
3182 191
3659 191
9570 191
9628 191
1160 190
2628 190
2892 190
3780 190
8505 190
9571 190
9630 190
9636 190
2600 189
3736 189
3858 189
4000 189
9034 189
9572 189
9631 189
9637 189
406 188
3270 188
9521 188
9573 188
9633 188
9638 188
114 187
9574 187
9634 187
9639 187
403 186
1093 186
2105 186
4893 186
9635 186
9640 186
240 185
1549 185
1640 185
2247 185
2821 185
3366 185
3449 185
4536 185
4994 185
9641 185
9645 185
9653 185
1739 184
1944 184
3007 184
3356 184
7857 184
8312 184
8951 184
9644 184
9646 184
9654 184
385 183
625 183
676 183
2269 183
3344 183
4636 183
4963 183
8845 183
9113 183
9314 183
9647 183
9655 183
235 182
331 182
838 182
1442 182
2845 182
3670 182
8889 182
9114 182
9648 182
9649 182
9656 182
9661 182
1702 181
3855 181
4031 181
4889 181
5570 181
9115 181
9535 181
9650 181
9657 181
9662 181
2796 180
5571 180
9116 180
9658 180
9659 180
9663 180
3443 179
4373 179
4739 179
5572 179
9660 179
9664 179
3281 178
3875 178
4306 178
5573 178
8525 178
9665 178
1865 177
1893 177
2175 177
2578 177
3569 177
5574 177
8685 177
9666 177
1066 176
1382 176
1836 176
2962 176
3044 176
4149 176
4457 176
4621 176
5575 176
8586 176
8909 176
9667 176
1595 175
2016 175
3895 175
4055 175
5576 175
7976 175
8658 175
8977 175
9124 175
9668 175
507 174
1533 174
2813 174
2853 174
3448 174
3586 174
4046 174
5577 174
9178 174
9191 174
9269 174
9675 174
452 173
1772 173
2714 173
4344 173
5051 173
5578 173
9270 173
9298 173
9676 173
9677 173
462 172
1291 172
3201 172
4113 172
4521 172
5117 172
5579 172
9291 172
9439 172
9678 172
2709 171
2872 171
3648 171
4538 171
4809 171
5118 171
5580 171
9010 171
9440 171
9680 171
971 170
2458 170
4977 170
5119 170
5581 170
9011 170
9441 170
9681 170
1664 169
1758 169
1813 169
2227 169
2246 169
2271 169
5150 169
5582 169
9442 169
9682 169
2622 168
2825 168
3106 168
3214 168
4298 168
5494 168
5583 168
9443 168
9683 168
9685 168
858 167
3166 167
3395 167
5495 167
5584 167
9444 167
9684 167
9686 167
3965 166
4446 166
5595 166
5648 166
9445 166
9687 166
1912 165
1949 165
3368 165
3954 165
4206 165
5718 165
9446 165
9688 165
2847 164
4030 164
5788 164
8313 164
9447 164
9689 164
129 163
282 163
3864 163
5947 163
9448 163
9691 163
56 162
696 162
4491 162
6155 162
9449 162
9693 162
717 161
1801 161
2511 161
2523 161
3320 161
3402 161
3899 161
6332 161
9450 161
9695 161
266 160
634 160
1998 160
3297 160
3748 160
6420 160
8660 160
9451 160
9697 160
9700 160
591 159
1362 159
2416 159
6457 159
8661 159
9452 159
9698 159
9701 159
1995 158
2978 158
6531 158
9453 158
9699 158
9702 158
370 157
2621 157
2713 157
6613 157
9454 157
9703 157
346 156
1453 156
2869 156
6652 156
9455 156
9704 156
387 155
3575 155
4221 155
6653 155
9456 155
9705 155
232 154
371 154
2508 154
6695 154
9457 154
9707 154
132 153
704 153
2684 153
6712 153
9458 153
9709 153
2103 152
2691 152
4877 152
6749 152
9459 152
9711 152
2267 151
2969 151
3550 151
6757 151
9460 151
9712 151
344 150
2047 150
2399 150
3634 150
4096 150
4441 150
4527 150
6851 150
9461 150
9713 150
195 149
931 149
1850 149
2213 149
2422 149
6852 149
6857 149
9462 149
9715 149
9717 149
186 148
6858 148
9279 148
9463 148
9716 148
9718 148
228 147
1324 147
1488 147
6859 147
9464 147
9719 147
2106 146
2524 146
3924 146
6960 146
9465 146
9720 146
459 145
1921 145
3343 145
6995 145
9466 145
9721 145
289 144
860 144
1694 144
2222 144
4410 144
6999 144
9467 144
9723 144
1248 143
3611 143
4604 143
4920 143
7118 143
9468 143
9726 143
9733 143
539 142
556 142
988 142
1170 142
7149 142
9469 142
9727 142
9734 142
824 141
1534 141
1674 141
2923 141
7150 141
9470 141
9728 141
9735 141
1721 140
1869 140
2136 140
3011 140
7151 140
9471 140
9729 140
9736 140
781 139
2681 139
3093 139
3905 139
7152 139
9472 139
9732 139
9737 139
2939 138
3008 138
3437 138
4504 138
7153 138
9473 138
9738 138
9740 138
421 137
1318 137
1818 137
2615 137
2894 137
4688 137
7154 137
8487 137
9474 137
9741 137
1026 136
1245 136
1985 136
3024 136
4635 136
7190 136
8117 136
8715 136
9475 136
9742 136
555 135
2976 135
3438 135
7284 135
7955 135
8338 135
9476 135
9743 135
1237 134
2037 134
2403 134
3211 134
3794 134
4794 134
7331 134
8485 134
9477 134
9744 134
169 133
816 133
1599 133
2232 133
2694 133
5068 133
7332 133
9048 133
9478 133
9747 133
598 132
1759 132
2539 132
4305 132
4408 132
5992 132
7371 132
9165 132
9479 132
9748 132
71 131
929 131
1719 131
1938 131
2545 131
3608 131
3959 131
6722 131
7456 131
9423 131
9480 131
9749 131
525 130
2203 130
2980 130
3843 130
4532 130
4686 130
6723 130
7576 130
9493 130
9496 130
9750 130
9754 130
1052 129
1230 129
1774 129
2693 129
2857 129
3892 129
5010 129
6951 129
7577 129
9497 129
9752 129
9755 129
787 128
1745 128
2971 128
3372 128
5054 128
6952 128
7601 128
9510 128
9753 128
9756 128
1274 127
2043 127
2115 127
3070 127
3347 127
3380 127
3983 127
4451 127
4909 127
5055 127
7116 127
7602 127
9512 127
9757 127
711 126
1485 126
4975 126
5056 126
7077 126
7717 126
7870 126
7992 126
9523 126
9759 126
131 125
752 125
758 125
2915 125
3219 125
3842 125
4475 125
5096 125
7993 125
8041 125
9526 125
9760 125
174 124
1606 124
2152 124
2180 124
2362 124
2789 124
3095 124
4302 124
5078 124
5097 124
7997 124
8310 124
9549 124
9761 124
641 123
1046 123
2278 123
2559 123
2751 123
2766 123
3006 123
4115 123
4840 123
5098 123
7998 123
8350 123
8596 123
9552 123
9762 123
9763 123
631 122
1063 122
1138 122
1742 122
1858 122
2263 122
3494 122
3647 122
3759 122
4554 122
4618 122
4726 122
5099 122
7718 122
8208 122
8534 122
8597 122
8787 122
9554 122
9764 122
632 121
777 121
1195 121
1268 121
1307 121
3674 121
3887 121
4585 121
5100 121
8209 121
8374 121
8598 121
8779 121
8895 121
9380 121
9558 121
9765 121
9766 121
1212 120
1852 120
2339 120
4207 120
4673 120
5101 120
8372 120
8573 120
8620 120
8780 120
9135 120
9487 120
9580 120
9767 120
76 119
2724 119
3131 119
3913 119
4136 119
4487 119
4985 119
5102 119
8425 119
8781 119
9258 119
9488 119
9586 119
9768 119
203 118
1645 118
2015 118
3246 118
3642 118
5103 118
8482 118
8966 118
9022 118
9511 118
9591 118
9773 118
828 117
2826 117
2897 117
3139 117
3264 117
3293 117
3901 117
3976 117
4699 117
4882 117
5104 117
8639 117
9098 117
9592 117
9708 117
9778 117
329 116
1200 116
2027 116
2425 116
2786 116
3571 116
4400 116
4427 116
5105 116
5233 116
8662 116
9336 116
9595 116
9642 116
9782 116
9783 116
935 115
2757 115
4172 115
4274 115
5064 115
5106 115
5234 115
8755 115
9596 115
9597 115
9643 115
9784 115
948 114
949 114
1661 114
2194 114
3552 114
3631 114
4191 114
4583 114
4595 114
4602 114
5107 114
5235 114
8812 114
9533 114
9598 114
9788 114
93 113
327 113
1351 113
1377 113
1669 113
2068 113
2086 113
2561 113
3314 113
4450 113
5108 113
5236 113
8883 113
9599 113
9706 113
9789 113
9794 113
9805 113
247 112
1058 112
2512 112
2960 112
3417 112
3522 112
4240 112
5109 112
5237 112
8884 112
9220 112
9600 112
9669 112
9790 112
9795 112
9806 112
535 111
670 111
1907 111
2506 111
3391 111
3545 111
3962 111
4845 111
5114 111
5238 111
8900 111
9601 111
9670 111
9792 111
9796 111
9807 111
420 110
588 110
780 110
1013 110
1348 110
3692 110
5120 110
5129 110
5239 110
8920 110
9632 110
9671 110
9797 110
9808 110
219 109
582 109
835 109
1242 109
1597 109
2526 109
2936 109
4290 109
4603 109
5183 109
5240 109
9086 109
9651 109
9672 109
9798 109
9809 109
113 108
257 108
1282 108
1791 108
1990 108
2371 108
2517 108
2672 108
2686 108
2774 108
3057 108
3204 108
3420 108
4849 108
5204 108
5241 108
9110 108
9217 108
9384 108
9673 108
9799 108
9810 108
154 107
796 107
2779 107
2986 107
3340 107
3560 107
3963 107
5176 107
5209 107
5242 107
9117 107
9256 107
9385 107
9433 107
9674 107
9800 107
9801 107
9811 107
106 106
513 106
1487 106
3388 106
4820 106
5177 106
5228 106
5243 106
9330 106
9386 106
9607 106
9679 106
9802 106
9812 106
942 105
2409 105
3049 105
4738 105
4839 105
5198 105
5244 105
9335 105
9387 105
9690 105
9803 105
9813 105
27 104
54 104
335 104
2398 104
5245 104
5389 104
9388 104
9692 104
9804 104
9814 104
629 103
819 103
1132 103
3307 103
4954 103
5246 103
5496 103
9389 103
9694 103
9815 103
852 102
888 102
1144 102
1783 102
2447 102
2725 102
4718 102
5247 102
5497 102
9419 102
9696 102
9816 102
354 101
448 101
1235 101
4816 101
5248 101
5521 101
5896 101
9436 101
9710 101
9817 101
4 100
104 100
124 100
184 100
750 100
2053 100
4377 100
5280 100
5897 100
9484 100
9722 100
9819 100
358 99
982 99
1192 99
3250 99
5325 99
5912 99
9199 99
9495 99
9725 99
9820 99
530 98
854 98
977 98
1404 98
1677 98
2696 98
3034 98
5326 98
5913 98
9629 98
9730 98
9821 98
1252 97
2723 97
5327 97
5375 97
5914 97
9731 97
9791 97
9822 97
521 96
914 96
2366 96
3760 96
5376 96
5948 96
9745 96
9823 96
439 95
1062 95
1208 95
1642 95
3718 95
3727 95
5383 95
5954 95
9746 95
9824 95
967 94
2121 94
2162 94
5411 94
6048 94
9751 94
9769 94
9825 94
92 93
1432 93
2196 93
4926 93
5412 93
6049 93
9770 93
9827 93
596 92
2186 92
2392 92
2673 92
5511 92
6050 92
9771 92
9828 92
50 91
911 91
976 91
2450 91
3283 91
3336 91
5517 91
6051 91
9772 91
9829 91
2002 90
3399 90
4119 90
5534 90
6077 90
9775 90
9785 90
9830 90
243 89
2148 89
2678 89
3917 89
4357 89
4908 89
5590 89
6135 89
9786 89
9831 89
1754 88
2202 88
2806 88
3632 88
4217 88
5596 88
6136 88
8764 88
9787 88
9832 88
3000 87
3332 87
3389 87
5614 87
6203 87
9093 87
9793 87
9834 87
1190 86
3412 86
4155 86
4247 86
4851 86
4869 86
5628 86
6374 86
9818 86
9836 86
1768 85
1795 85
3192 85
5675 85
5705 85
6470 85
9826 85
9837 85
299 84
1347 84
2439 84
2658 84
5688 84
5706 84
6520 84
9838 84
721 83
997 83
1184 83
3651 83
5707 83
6593 83
9839 83
9865 83
3401 82
3627 82
4303 82
4398 82
5774 82
6602 82
9840 82
9866 82
433 81
491 81
2543 81
3393 81
5789 81
6606 81
9841 81
9867 81
253 80
501 80
3279 80
4912 80
5791 80
6621 80
9842 80
9868 80
401 79
970 79
1598 79
2449 79
2494 79
4758 79
5815 79
6622 79
9843 79
9869 79
194 78
410 78
1732 78
1794 78
2029 78
2231 78
2979 78
3427 78
4363 78
5847 78
6623 78
9390 78
9844 78
9870 78
2372 77
2493 77
3087 77
3761 77
4372 77
5938 77
6548 77
6670 77
9845 77
9846 77
9850 77
9871 77
315 76
359 76
1439 76
2905 76
5785 76
5943 76
6698 76
9847 76
9851 76
9872 76
2412 75
2907 75
3132 75
3774 75
4752 75
6096 75
6778 75
9848 75
9852 75
9873 75
859 74
3804 74
4552 74
6201 74
6779 74
9849 74
9853 74
9874 74
293 73
1859 73
1975 73
2303 73
2307 73
4139 73
6210 73
6791 73
9854 73
9875 73
504 72
890 72
1628 72
2181 72
3331 72
3688 72
3755 72
6216 72
6914 72
6916 72
9855 72
9876 72
1400 71
1649 71
2503 71
2516 71
6217 71
6222 71
6917 71
9856 71
9857 71
9877 71
951 70
1680 70
2251 70
6218 70
6223 70
6949 70
9858 70
9878 70
42 69
95 69
1698 69
3711 69
6224 69
6956 69
9863 69
9879 69
164 68
3952 68
6369 68
7080 68
9864 68
9880 68
644 67
827 67
2640 67
6392 67
7082 67
9881 67
2509 66
2695 66
3365 66
6402 66
7132 66
9882 66
41 65
870 65
1842 65
6455 65
7203 65
9883 65
562 64
2562 64
3280 64
6471 64
7383 64
9884 64
408 63
713 63
1424 63
6530 63
7569 63
9885 63
2903 62
3251 62
4569 62
4706 62
4823 62
6536 62
7570 62
9886 62
1167 61
1885 61
2310 61
2602 61
2959 61
4331 61
4980 61
4989 61
6537 61
7604 61
8886 61
9887 61
419 60
1227 60
2432 60
4921 60
5976 60
6563 60
6762 60
7605 60
8887 60
9888 60
378 59
3883 59
4714 59
6763 59
7606 59
9714 59
9889 59
9895 59
59 58
2601 58
3303 58
4296 58
6887 58
7735 58
9890 58
9896 58
88 57
1434 57
1576 57
1970 57
2728 57
2932 57
3419 57
4566 57
6975 57
7736 57
9891 57
9897 57
667 56
1716 56
2570 56
2880 56
6997 56
7181 56
7701 56
7779 56
9893 56
9898 56
2707 55
7182 55
7832 55
7918 55
9894 55
9899 55
1517 54
4005 54
4503 54
7187 54
7919 54
9900 54
488 53
1589 53
1946 53
7194 53
8400 53
9903 53
766 52
980 52
4725 52
7454 52
8541 52
9904 52
90 51
1513 51
1845 51
7455 51
8624 51
9905 51
1665 50
1769 50
2973 50
3581 50
4986 50
7480 50
8680 50
9906 50
993 49
4012 49
4034 49
4402 49
7600 49
8727 49
9184 49
9907 49
347 48
1763 48
1834 48
3150 48
4117 48
4464 48
7614 48
8869 48
9185 48
9908 48
821 47
853 47
1273 47
1881 47
1930 47
2357 47
3490 47
3507 47
3885 47
7653 47
8902 47
9551 47
9611 47
9909 47
1244 46
7654 46
8459 46
8618 46
8928 46
9026 46
9774 46
9910 46
1440 45
2067 45
7707 45
8619 45
9027 45
9911 45
638 44
850 44
3358 44
7747 44
9073 44
9912 44
770 43
4577 43
4643 43
7769 43
9182 43
9913 43
1839 42
4347 42
4982 42
7848 42
9315 42
9915 42
1130 41
1856 41
2288 41
3485 41
4077 41
7867 41
9382 41
9916 41
51 40
422 40
1653 40
3269 40
3547 40
3735 40
7889 40
9425 40
9482 40
9917 40
1581 39
3769 39
3874 39
7565 39
7890 39
8827 39
9483 39
9918 39
2647 38
3304 38
3521 38
3676 38
4530 38
4672 38
7932 38
8079 38
9486 38
9919 38
1430 37
1604 37
2414 37
4462 37
4520 37
7994 37
8080 37
9286 37
9776 37
9920 37
3940 36
4143 36
4161 36
8020 36
8098 36
9777 36
9859 36
9922 36
68 35
523 35
930 35
2250 35
2338 35
4972 35
8099 35
9779 35
9860 35
9923 35
345 34
1626 34
3326 34
3972 34
4202 34
8119 34
9835 34
9861 34
9924 34
9926 34
3077 33
4216 33
4370 33
8189 33
9862 33
9925 33
9927 33
9933 33
280 32
1773 32
2009 32
2968 32
8259 32
9901 32
9928 32
9934 32
435 31
2440 31
4193 31
4708 31
8395 31
9902 31
9929 31
9935 31
1468 30
1618 30
2145 30
3209 30
8404 30
9921 30
9930 30
9939 30
1232 29
1451 29
2079 29
2930 29
3063 29
3772 29
8418 29
9931 29
9940 29
9941 29
1927 28
3073 28
4657 28
7895 28
8426 28
9932 28
9942 28
9943 28
1423 27
1873 27
2540 27
3285 27
8401 27
8584 27
9936 27
9944 27
2649 26
4818 26
8652 26
9938 26
9945 26
9947 26
2065 25
2260 25
3306 25
8667 25
9946 25
9948 25
176 24
1918 24
2170 24
8868 24
9949 24
9953 24
211 23
273 23
2697 23
8896 23
9950 23
9954 23
2474 22
2679 22
3815 22
8899 22
9951 22
9958 22
29 21
1765 21
1771 21
2073 21
2641 21
8960 21
9952 21
9961 21
340 20
1516 20
2785 20
3996 20
9076 20
9955 20
9964 20
9967 20
1668 19
1854 19
2349 19
2921 19
4141 19
4168 19
9084 19
9956 19
9965 19
9968 19
96 18
7984 18
9141 18
9957 18
9966 18
9969 18
1111 17
2131 17
3146 17
9313 17
9959 17
9970 17
755 16
1120 16
2193 16
9432 16
9960 16
9973 16
822 15
1466 15
2430 15
9534 15
9963 15
9974 15
3345 14
4401 14
4993 14
9578 14
9971 14
9976 14
157 13
1178 13
3654 13
9652 13
9972 13
9977 13
1463 12
2573 12
4178 12
9724 12
9975 12
9978 12
837 11
1330 11
2197 11
2618 11
3428 11
9739 11
9979 11
9980 11
9758 10
9780 10
9981 10
9982 10
2087 9
4233 9
9781 9
9983 9
4411 8
4979 8
9833 8
9984 8
2913 7
2988 7
9892 7
9985 7
287 6
4790 6
9914 6
9986 6
1717 5
2927 5
2963 5
3290 5
9937 5
9987 5
250 4
1608 4
4597 4
9962 4
9989 4
9990 4
1574 3
9988 3
9991 3
9993 3
1065 2
3129 2
9992 2
9994 2
9995 1
9996 1
9997 0
